  3.0993415e-003  7.7041317e-003
 -1.2720779e-003 -1.5712123e-002
 -6.1184231e-003 -2.4351151e-002
 -1.0930537e-002 -2.2505535e-002
 -3.7696831e-003  1.7074745e-002
 -9.3642048e-003  3.1381141e-003
  5.7119970e-003 -1.3227729e-002
 -4.1378180e-003 -9.2515363e-004
  1.5781399e-003 -2.0987706e-002
 -1.1310374e-002 -1.8172509e-002
 -8.3893545e-001 -4.1643680e-003
 -8.3981600e-001 -1.3626146e-002
 -8.5063558e-001 -7.6008810e-003
 -8.3952993e-001 -2.9003593e-002
 -8.4364228e-001 -2.2627406e-002
 -8.4416719e-001 -5.4667756e-003
 -8.5102815e-001 -5.9322866e-002
 -8.4596998e-001 -3.8968026e-002
 -8.4166999e-001 -1.0069673e-001
 -8.4868156e-001 -6.0584277e-002
 -8.3024943e-001 -1.0764338e-001
 -8.4853663e-001 -9.7150759e-002
 -8.5006587e-001 -1.2606154e-001
 -8.5186984e-001 -1.2326962e-001
 -8.3349024e-001 -1.7067075e-001
 -8.2941657e-001 -1.4926944e-001
 -8.3594709e-001 -1.4929068e-001
 -8.3653429e-001 -1.8740027e-001
 -8.4053066e-001 -1.6458770e-001
 -8.3495917e-001 -1.9782864e-001
 -8.4103506e-001 -2.1470983e-001
 -8.4936361e-001 -1.7526413e-001
 -8.3659588e-001 -1.8873084e-001
 -8.3450695e-001 -1.8734247e-001
 -8.4641106e-001 -2.4667607e-001
 -8.4281923e-001 -2.0306164e-001
 -8.5118572e-001 -2.0823813e-001
 -8.4387343e-001 -2.1849977e-001
 -8.2840602e-001 -2.4322941e-001
 -8.3430024e-001 -2.1211718e-001
 -8.3286391e-001 -2.0887621e-001
 -8.4540442e-001 -2.6407670e-001
 -8.2895638e-001 -2.1838950e-001
 -8.5146396e-001 -2.2199837e-001
 -8.5178949e-001 -2.6368022e-001
 -8.3762669e-001 -2.5076861e-001
 -8.4025655e-001 -2.6784939e-001
 -8.5015279e-001 -2.5063019e-001
 -8.3421076e-001 -2.4208050e-001
 -8.4371621e-001 -2.5210272e-001
 -8.4088021e-001 -2.3731674e-001
 -8.4705438e-001 -2.5470810e-001
 -8.4575611e-001 -2.6436478e-001
 -8.5108902e-001 -2.4871283e-001
 -8.5137462e-001 -2.3083397e-001
 -8.3593061e-001 -2.7714808e-001
 -8.3833083e-001 -2.5807608e-001
 -8.4020069e-001 -2.7559362e-001
 -8.2840163e-001 -2.2963784e-001
 -8.3710239e-001 -2.7678091e-001
 -8.3113457e-001 -2.5710460e-001
 -8.4160165e-001 -2.5508929e-001
 -8.5051339e-001 -2.5541732e-001
 -8.3171774e-001 -2.5653519e-001
 -8.3775662e-001 -2.6582821e-001
 -8.3270798e-001 -2.6122774e-001
 -8.4303845e-001 -2.2800380e-001
 -8.4322077e-001 -2.7496559e-001
 -8.5133645e-001 -2.5733845e-001
 -8.3773617e-001 -2.7510464e-001
 -8.3782669e-001 -2.6013479e-001
 -8.3710075e-001 -2.7181126e-001
 -8.3895886e-001 -2.6442991e-001
 -8.2901250e-001 -2.5312794e-001
 -8.4087441e-001 -2.2646349e-001
 -8.3830586e-001 -2.5249562e-001
 -8.3408677e-001 -2.4285967e-001
 -8.3861486e-001 -2.3563348e-001
 -8.2951567e-001 -2.6562640e-001
  8.7733979e-001 -2.4741819e-001
  8.7494020e-001 -2.5924142e-001
  8.7539301e-001 -2.0938453e-001
  8.7413501e-001 -1.4449622e-001
  8.6989451e-001 -4.0910710e-002
  8.7220213e-001  6.9762242e-002
  8.7020664e-001  1.9494586e-001
  8.8173941e-001  3.2390334e-001
  8.7147625e-001  4.4345592e-001
  8.8020690e-001  5.4861918e-001
  8.6992145e-001  6.8069253e-001
  8.7608081e-001  7.5206671e-001
  8.7309565e-001  9.0025156e-001
  8.8711733e-001  9.5526437e-001
  8.8349890e-001  1.0986192e+000
  8.8154736e-001  1.1518978e+000
  8.8522551e-001  1.2414403e+000
  8.7438751e-001  1.3384373e+000
  8.7673586e-001  1.3951529e+000
  8.7030996e-001  1.4561688e+000
  8.6921411e-001  1.5425837e+000
  8.7322829e-001  1.5573982e+000
  8.8685483e-001  1.6192319e+000
  8.9024790e-001  1.6723867e+000
  8.7391110e-001  1.7395666e+000
  8.8138253e-001  1.7776486e+000
  8.8398080e-001  1.7926966e+000
  8.8151051e-001  1.8304120e+000
  8.8610197e-001  1.8467137e+000
  8.8485334e-001  1.8821703e+000
  8.8730781e-001  1.8885645e+000
  8.7375782e-001  1.8840404e+000
  8.6921107e-001  1.9427362e+000
  8.7092130e-001  1.9667690e+000
  8.8170402e-001  1.9546469e+000
  8.7278066e-001  1.9929069e+000
  8.7682695e-001  1.9525891e+000
  8.7728007e-001  2.0124616e+000
  8.8783336e-001  1.9795276e+000
  8.8414789e-001  1.9833544e+000
  8.8323958e-001  2.0197492e+000
  8.7907350e-001  2.0245214e+000
  8.7172533e-001  2.0469837e+000
  8.6713688e-001  2.0048743e+000
  8.7635231e-001  2.0243238e+000
  8.8110277e-001  2.0358590e+000
  8.8238218e-001  2.0686136e+000
  8.6944613e-001  2.0320980e+000
  8.7307366e-001  2.0458183e+000
  8.8107841e-001  2.0475121e+000
  8.8388731e-001  2.0739273e+000
  8.7497667e-001  2.0593515e+000
  8.7281377e-001  2.0323922e+000
  8.6963843e-001  2.0824833e+000
  8.7729420e-001  2.0847966e+000
  8.7291928e-001  2.0408985e+000
  8.7568415e-001  2.0559311e+000
  8.6806902e-001  2.0402488e+000
  8.8473348e-001  2.0338143e+000
  8.6959639e-001  2.0475198e+000
  8.7449367e-001  2.0844845e+000
  8.8358846e-001  2.0917931e+000
  8.8403427e-001  2.0905355e+000
  8.7053059e-001  2.0587415e+000
  8.8219743e-001  2.0560398e+000
  8.7373690e-001  2.0877258e+000
  8.8354183e-001  2.0727438e+000
  8.8445352e-001  2.0468759e+000
  8.7690294e-001  2.0596978e+000
 -1.0879078e-001  2.0449713e+000
 -1.1008419e-001  2.0693949e+000
 -1.0274826e-001  2.0217513e+000
 -1.0197345e-001  1.9688630e+000
 -1.1303235e-001  1.8263608e+000
 -1.0833973e-001  1.7566881e+000
 -1.0646735e-001  1.5965642e+000
 -1.0637928e-001  1.4710051e+000
 -1.0168704e-001  1.3689377e+000
 -1.1497281e-001  1.2513041e+000
 -1.0022714e-001  1.0990362e+000
 -9.5099435e-002  9.9651770e-001
 -1.0648978e-001  8.9194223e-001
 -1.0709699e-001  7.8575711e-001
 -9.6564462e-002  6.7794800e-001
 -1.0377336e-001  5.9653495e-001
 -9.8386861e-002  4.6769387e-001
 -1.0443291e-001  4.1013140e-001
 -1.1691912e-001  3.2045695e-001
 -1.1029810e-001  2.6005546e-001
 -9.9454941e-002  1.9460668e-001
 -1.1601711e-001  1.2230103e-001
 -1.1008628e-001  7.9735593e-002
 -1.0229291e-001  6.7055642e-002
 -1.0617714e-001  4.0844177e-003
 -1.0727487e-001 -5.3075517e-002
 -9.6964912e-002 -7.2226556e-002
 -9.7193509e-002 -1.1367449e-001
 -1.0641471e-001 -1.5109975e-001
 -1.0584249e-001 -1.6891769e-001
 -9.7235379e-002 -1.6110081e-001
 -9.5477918e-002 -2.1756253e-001
 -1.0019485e-001 -2.2699026e-001
 -1.0767002e-001 -2.3938906e-001
 -1.0307265e-001 -2.3964645e-001
 -1.0984069e-001 -2.3528709e-001
 -1.1522618e-001 -2.7553913e-001
 -9.6396999e-002 -2.9649106e-001
 -9.7647543e-002 -3.2254858e-001
 -1.0590577e-001 -3.2684033e-001
 -1.1358693e-001 -3.3053498e-001
 -1.1109399e-001 -3.3510027e-001
 -1.0166311e-001 -3.0194402e-001
 -1.1680350e-001 -3.4539361e-001
 -1.1033627e-001 -3.1950880e-001
 -9.6756116e-002 -3.6363091e-001
 -1.0952755e-001 -3.1693808e-001
 -1.1002289e-001 -3.1850197e-001
 -1.0177517e-001 -3.7163051e-001
 -1.1721824e-001 -3.3839152e-001
 -9.4817019e-002 -3.7277808e-001
 -1.1623803e-001 -3.7319656e-001
 -1.0988445e-001 -3.5385145e-001
 -1.1083445e-001 -3.6313095e-001
 -1.1436286e-001 -3.8036870e-001
 -1.1342044e-001 -3.8792401e-001
 -1.0294423e-001 -3.4420646e-001
 -1.0614636e-001 -3.6764118e-001
 -1.1805446e-001 -3.7632345e-001
 -1.0800753e-001 -3.7793106e-001
 -1.0747536e-001 -3.5056723e-001
 -1.0913659e-001 -3.5761016e-001
 -1.1531761e-001 -3.8191652e-001
 -1.0408165e-001 -3.6201287e-001
 -1.0921396e-001 -3.4707960e-001
 -9.6013028e-002 -3.3952205e-001
 -1.0011127e-001 -3.8549398e-001
 -1.1732009e-001 -3.7566941e-001
 -1.0195432e-001 -3.4269542e-001
 -5.7316543e-001 -3.4009235e-001
 -5.8631471e-001 -3.6320558e-001
 -5.7438740e-001 -3.7606479e-001
 -5.8363654e-001 -4.1940549e-001
 -5.6802983e-001 -4.1976450e-001
 -5.7970682e-001 -4.5285397e-001
 -5.6812177e-001 -4.9235850e-001
 -5.7042478e-001 -4.9283156e-001
 -5.7809309e-001 -5.3878927e-001
 -5.7374633e-001 -5.7314712e-001
 -5.6550399e-001 -5.6907849e-001
 -5.7563617e-001 -5.8060182e-001
 -5.6460676e-001 -5.9765688e-001
 -5.6682351e-001 -6.2744454e-001
 -5.6452729e-001 -6.5329991e-001
 -5.7047407e-001 -6.6888642e-001
 -5.6965962e-001 -7.1360443e-001
 -5.7351434e-001 -7.2814745e-001
 -5.6367379e-001 -7.2019558e-001
 -5.7695585e-001 -7.8052938e-001
 -5.7717216e-001 -7.9455594e-001
 -5.6550495e-001 -7.5393531e-001
 -5.6474763e-001 -8.0160599e-001
 -5.7693608e-001 -8.0099316e-001
 -5.8223899e-001 -8.3100967e-001
 -5.7017869e-001 -8.3698171e-001
 -5.7157642e-001 -8.0224692e-001
 -5.6489471e-001 -8.5035423e-001
 -5.8350852e-001 -8.6601877e-001
 -5.6791226e-001 -8.1616859e-001
 -5.8292019e-001 -8.3993032e-001
 -5.8352038e-001 -8.7706853e-001
 -5.6685516e-001 -8.5580797e-001
 -5.6625321e-001 -8.7441598e-001
 -5.7327958e-001 -8.7161034e-001
 -5.6861931e-001 -8.7962363e-001
 -5.8479606e-001 -8.8853447e-001
 -5.7805597e-001 -8.6681011e-001
 -5.7010141e-001 -8.5276532e-001
 -5.7092317e-001 -8.4774121e-001
 -5.7082573e-001 -8.4918876e-001
 -5.8422154e-001 -8.9790532e-001
 -5.8515013e-001 -8.6740766e-001
 -5.6446909e-001 -8.5892529e-001
 -5.8099920e-001 -9.0692857e-001
 -5.6770157e-001 -8.7709010e-001
 -5.7333663e-001 -8.7513179e-001
 -5.6451154e-001 -8.7173082e-001
 -5.8387586e-001 -8.6846193e-001
 -5.6616855e-001 -8.8146412e-001
 -5.8499791e-001 -8.6292183e-001
 -5.7667502e-001 -8.7014188e-001
 -5.6960620e-001 -8.5645169e-001
 -5.7538545e-001 -8.6098520e-001
 -5.6642350e-001 -8.7483138e-001
 -5.7777381e-001 -8.7898336e-001
 -5.6627433e-001 -8.9480488e-001
 -5.7884802e-001 -8.8978548e-001
 -5.6975514e-001 -9.1336226e-001
 -5.7169808e-001 -9.0511268e-001
 -5.6508946e-001 -8.9292295e-001
 -5.7959539e-001 -9.0601774e-001
 -5.7674823e-001 -8.7227492e-001
 -5.7434575e-001 -8.9930384e-001
 -5.7539750e-001 -9.0003731e-001
 -5.6665837e-001 -9.1573935e-001
 -5.6712959e-001 -8.6530301e-001
 -5.6931435e-001 -8.7244389e-001
 -5.6609030e-001 -8.9616552e-001
 -4.0338715e-001 -9.0492300e-001
 -4.0316359e-001 -8.8453310e-001
 -4.0453374e-001 -9.0007500e-001
 -3.9758360e-001 -9.0593073e-001
 -3.9980648e-001 -8.7344177e-001
 -4.0000647e-001 -9.0052544e-001
 -3.9951485e-001 -9.0288048e-001
 -3.9360387e-001 -9.1263231e-001
 -3.9675212e-001 -9.2653718e-001
 -3.8978291e-001 -9.1990641e-001
 -3.8890299e-001 -8.7679093e-001
 -3.9173505e-001 -9.1288872e-001
 -3.9469372e-001 -9.1800823e-001
 -3.8925365e-001 -9.1275899e-001
 -3.9674253e-001 -9.0422519e-001
 -4.0516776e-001 -8.8825623e-001
 -3.9027390e-001 -9.3607081e-001
 -4.0115027e-001 -9.2436649e-001
 -3.9966932e-001 -9.1997502e-001
 -4.0562358e-001 -9.0735563e-001
 -3.9246582e-001 -9.4526969e-001
 -3.9547182e-001 -9.0169006e-001
 -4.0305810e-001 -8.9723214e-001
 -3.9569293e-001 -9.3132049e-001
 -3.8798788e-001 -9.0481599e-001
 -3.9266650e-001 -9.3224826e-001
 -3.9553838e-001 -9.4289012e-001
 -3.9347253e-001 -9.1744115e-001
 -4.0145722e-001 -9.4965673e-001
 -3.9642374e-001 -9.2022969e-001
 -4.0105936e-001 -9.1014810e-001
 -3.9108258e-001 -9.1804429e-001
 -4.0155637e-001 -9.3622503e-001
 -3.8702477e-001 -9.0278177e-001
 -3.8940832e-001 -9.0469854e-001
 -3.9818749e-001 -9.1610999e-001
 -3.8832190e-001 -9.3018755e-001
 -3.9519913e-001 -9.2093497e-001
 -3.9229774e-001 -9.3220926e-001
 -3.9765268e-001 -9.2094502e-001
 -3.9572498e-001 -9.1723683e-001
 -3.9332674e-001 -9.5190193e-001
 -3.9446997e-001 -9.4357892e-001
 -4.0081651e-001 -9.1762655e-001
 -3.9519255e-001 -9.4770717e-001
 -3.9635613e-001 -9.2697654e-001
 -3.8755015e-001 -9.5774882e-001
 -4.0461797e-001 -9.2193251e-001
 -3.9759062e-001 -9.5061723e-001
 -3.9175987e-001 -9.3391503e-001
 -3.8863053e-001 -9.1688095e-001
 -4.0414469e-001 -9.1586956e-001
 -4.0542698e-001 -9.6014610e-001
 -4.0199716e-001 -9.4642330e-001
 -3.9190622e-001 -9.2430833e-001
 -3.9061690e-001 -9.4515072e-001
 -3.9134929e-001 -9.2902901e-001
 -4.0177688e-001 -9.0481770e-001
 -4.0336783e-001 -9.5965620e-001
 -3.9561920e-001 -9.5587432e-001
 -4.0435602e-001 -9.2075494e-001
 -3.9426301e-001 -9.1140681e-001
 -3.8799802e-001 -9.1503287e-001
 -3.8635826e-001 -9.3972225e-001
 -3.9421513e-001 -9.1614093e-001
 -4.0392143e-001 -9.1287681e-001
 -3.9045370e-001 -9.4376915e-001
 -3.9670205e-001 -9.3776138e-001
 -3.9339358e-001 -9.3080535e-001
  3.0379390e-002 -9.5091516e-001
  3.5226304e-002 -9.6015830e-001
  2.6588402e-002 -9.2523707e-001
  3.2888315e-002 -8.9554240e-001
  3.7239861e-002 -8.5334005e-001
  2.5040104e-002 -8.1387195e-001
  3.2312862e-002 -7.4377933e-001
  3.6649903e-002 -7.0286188e-001
  3.2553823e-002 -6.3644552e-001
  4.5462423e-002 -5.3752856e-001
  2.9838913e-002 -5.3402079e-001
  2.6203252e-002 -4.8589661e-001
  3.7691756e-002 -4.2263187e-001
  3.8815308e-002 -3.5641351e-001
  4.1424187e-002 -3.1110730e-001
  3.8341605e-002 -2.5605386e-001
  2.6385623e-002 -2.2938097e-001
  4.5718332e-002 -1.9562043e-001
  3.3702700e-002 -1.7931437e-001
  4.3184907e-002 -1.2414028e-001
  3.2696115e-002 -1.0711203e-001
  4.4759808e-002 -6.3186920e-002
  4.2299619e-002 -8.3415624e-002
  3.9458939e-002 -2.6661814e-002
  2.5831319e-002 -3.2612806e-002
  2.3929381e-002  9.3919479e-004
  2.8192100e-002  2.6610791e-003
  4.3837083e-002  4.2707209e-002
  2.4173976e-002  3.5596314e-002
  3.9241062e-002  5.6251733e-002
  3.7102834e-002  2.8313838e-002
  4.2727462e-002  5.4931531e-002
  2.7551298e-002  7.0691505e-002
  2.7545677e-002  7.1700539e-002
  2.8570427e-002  1.0086035e-001
  3.6526243e-002  7.7076072e-002
  4.4764825e-002  7.2001332e-002
  2.9008575e-002  9.2746986e-002
  2.2293389e-002  9.4224717e-002
  3.6314241e-002  1.0636201e-001
  4.5437791e-002  1.3481694e-001
  3.1688332e-002  8.1167259e-002
  2.8420144e-002  9.8478260e-002
  2.9296493e-002  9.9599643e-002
  2.6181120e-002  1.1075031e-001
  2.4204148e-002  8.6625912e-002
  4.3837347e-002  1.0886460e-001
  3.0903789e-002  1.1234049e-001
  3.5999991e-002  9.5567328e-002
  2.7041764e-002  9.8598300e-002
  2.7141408e-002  1.2924136e-001
  4.3425726e-002  1.1984545e-001
  4.5583519e-002  1.1996295e-001
  4.2608653e-002  9.7881691e-002
  3.2585787e-002  1.1462558e-001
  2.9152339e-002  1.0547865e-001
  2.3312693e-002  1.0258835e-001
  2.5636567e-002  1.0328311e-001
  4.2786975e-002  1.1252750e-001
  3.9860913e-002  9.8110801e-002
  4.4572611e-002  1.1865157e-001
  4.4420568e-002  1.5402274e-001
  3.1980259e-002  1.4930359e-001
  2.5422011e-002  1.2720745e-001
  3.5320061e-002  1.0358426e-001
  3.0869083e-002  1.2265128e-001
  2.7267446e-002  1.3441557e-001
  2.9503879e-002  1.4434499e-001
  2.4930127e-002  1.2640978e-001
 -9.7152151e-001  1.5039797e-001
 -9.8186092e-001  1.4344573e-001
 -9.6023547e-001  1.1602797e-001
 -9.6524787e-001  1.4899346e-001
 -9.7841865e-001  1.1221641e-001
 -9.6640005e-001  1.7553809e-001
 -9.6212953e-001  1.7519820e-001
 -9.7839338e-001  1.8690899e-001
 -9.7819766e-001  1.5283684e-001
 -9.7932295e-001  1.7911590e-001
 -9.6330817e-001  1.8307765e-001
 -9.6796075e-001  1.8263474e-001
 -9.8219512e-001  1.6903568e-001
 -9.6459620e-001  2.1123744e-001
 -9.6196043e-001  1.9431377e-001
 -9.6637987e-001  2.4234499e-001
 -9.5947273e-001  2.4539689e-001
 -9.6332374e-001  2.1841629e-001
 -9.6813269e-001  2.3722987e-001
 -9.7327416e-001  2.6159177e-001
 -9.6168800e-001  2.2978181e-001
 -9.6939221e-001  2.2524684e-001
 -9.6070583e-001  2.5796444e-001
 -9.6090756e-001  2.4195174e-001
 -9.6132050e-001  2.5536977e-001
 -9.7663830e-001  2.2388841e-001
 -9.6956246e-001  2.6891546e-001
 -9.6064043e-001  2.7980944e-001
 -9.7711825e-001  2.7186651e-001
 -9.6785870e-001  2.3818756e-001
 -9.7866058e-001  2.3533025e-001
 -9.7528500e-001  2.4819674e-001
 -9.7252541e-001  2.6903936e-001
 -9.6466857e-001  2.8280401e-001
 -9.7927559e-001  2.4802003e-001
 -9.8258217e-001  2.5109980e-001
 -9.7044699e-001  2.4209425e-001
 -9.6516079e-001  2.7601635e-001
 -9.5970876e-001  2.6354648e-001
 -9.7604633e-001  2.8680303e-001
 -9.7353411e-001  2.5579978e-001
 -9.6784323e-001  2.3688035e-001
 -9.6942319e-001  2.5260472e-001
 -9.7294554e-001  2.8893007e-001
 -9.7511988e-001  2.6031145e-001
 -9.7261756e-001  2.5032779e-001
 -9.8216282e-001  2.5867730e-001
 -9.8131198e-001  2.4513951e-001
 -9.7329435e-001  2.8648605e-001
 -9.6578086e-001  2.6599067e-001
 -9.5886927e-001  2.5896012e-001
 -9.7519339e-001  2.6424763e-001
 -9.6782391e-001  2.7362208e-001
 -9.7008112e-001  2.4843103e-001
 -9.6345041e-001  2.9466717e-001
 -9.6967413e-001  2.6014375e-001
 -9.7532038e-001  2.6607121e-001
 -9.7387987e-001  2.9383186e-001
 -9.7937029e-001  2.6412665e-001
 -9.6663603e-001  2.5628405e-001
 -9.6683491e-001  2.6536796e-001
 -9.6371928e-001  2.3811435e-001
 -9.5998284e-001  2.3795540e-001
 -9.7224143e-001  2.6886645e-001
 -9.7385344e-001  2.3834863e-001
 -9.7670913e-001  2.8750473e-001
 -9.7469379e-001  2.6277587e-001
 -9.6661416e-001  2.8622091e-001
 -9.6557420e-001  2.5346557e-001
  8.1021716e-002  2.7453599e-001
  9.1973545e-002  2.7280503e-001
  8.3991347e-002  2.5508831e-001
  9.1483438e-002  2.4414172e-001
  7.7380882e-002  2.6777500e-001
  8.7021423e-002  2.7446765e-001
  9.8301074e-002  2.8494709e-001
  8.9072101e-002  3.0532398e-001
  8.3765508e-002  2.8145166e-001
  7.4915480e-002  3.1956869e-001
  9.8024077e-002  2.8190731e-001
  8.4653845e-002  3.1410544e-001
  8.4540728e-002  2.9984588e-001
  8.0492295e-002  3.1826001e-001
  8.7594067e-002  2.8177865e-001
  9.8151877e-002  3.2181239e-001
  7.8548332e-002  3.0190205e-001
  7.5798750e-002  3.2671556e-001
  8.3515371e-002  3.4408963e-001
  8.9724029e-002  3.0169372e-001
  8.4337989e-002  3.5121406e-001
  7.9316932e-002  3.2863458e-001
  8.0677411e-002  3.0931426e-001
  7.5671373e-002  3.3464954e-001
  8.7667285e-002  3.4458585e-001
  9.0245296e-002  3.2207333e-001
  7.9250652e-002  3.3988229e-001
  7.6244544e-002  3.2196376e-001
  9.1591350e-002  3.3414141e-001
  9.5882887e-002  3.1095217e-001
  7.7669545e-002  3.5902228e-001
  7.9303214e-002  3.2855527e-001
  8.6358133e-002  3.2318283e-001
  7.6507389e-002  3.4071677e-001
  9.8468085e-002  3.1416005e-001
  9.0909637e-002  3.5590954e-001
  8.7511566e-002  3.2395311e-001
  8.5371428e-002  3.3138706e-001
  7.6493432e-002  3.1025729e-001
  8.8394264e-002  3.6726420e-001
  8.8986874e-002  3.6522737e-001
  7.5410664e-002  3.2602970e-001
  8.6050288e-002  3.3059208e-001
  8.6283940e-002  3.6969893e-001
  8.5115858e-002  3.2443529e-001
  9.6493382e-002  3.1543288e-001
  8.1717811e-002  3.6226440e-001
  8.7133583e-002  3.3388295e-001
  9.0254166e-002  3.6992550e-001
  9.0159362e-002  3.1454162e-001
  9.8284256e-002  3.1984279e-001
  9.8595088e-002  3.6260163e-001
  8.6454765e-002  3.3921269e-001
  8.5049696e-002  3.3802432e-001
  7.9402528e-002  3.2365684e-001
  8.9323203e-002  3.5414579e-001
  7.5269598e-002  3.2387180e-001
  8.2866806e-002  3.5182776e-001
  8.9013772e-002  3.6208773e-001
  8.7547742e-002  3.3026407e-001
  8.6500226e-002  3.6526189e-001
  7.9681898e-002  3.2571025e-001
  8.4997133e-002  3.4231627e-001
  7.9077359e-002  3.5178153e-001
  7.8567037e-002  3.6264944e-001
  8.0822617e-002  3.1972940e-001
  9.4805842e-002  3.3710725e-001
  8.2918788e-002  3.3153415e-001
  7.6962016e-002  3.5802708e-001
 -3.1336987e-002  3.6625819e-001
 -2.6639116e-002  3.6695112e-001
 -4.7678591e-002  3.1167520e-001
 -4.4578964e-002  3.1313137e-001
 -3.4839012e-002  3.0147532e-001
 -2.5612744e-002  2.4994575e-001
 -4.0687777e-002  2.2949611e-001
 -4.3196699e-002  2.1398058e-001
 -3.2678824e-002  1.8203220e-001
 -2.4647596e-002  1.5016595e-001
 -2.5468221e-002  1.2754770e-001
 -2.4836714e-002  1.4424278e-001
 -3.2071387e-002  9.1057993e-002
 -4.3925132e-002  6.7316682e-002
 -3.4249328e-002  5.9952847e-002
 -3.5192459e-002  4.1478461e-002
 -3.8451892e-002  2.3948153e-002
 -4.8326558e-002 -5.3184999e-003
 -4.3235987e-002 -1.8929772e-002
 -4.0137934e-002  4.7410209e-003
 -4.0077743e-002 -3.4560108e-002
 -3.5591004e-002 -2.0500931e-002
 -4.5721645e-002 -7.2656292e-002
 -2.9000903e-002 -4.0328562e-002
 -4.7865803e-002 -4.2752946e-002
 -3.8631896e-002 -4.1332116e-002
 -4.3934569e-002 -8.4105116e-002
 -3.1813931e-002 -8.6487847e-002
 -2.6675286e-002 -7.5391662e-002
 -2.8035512e-002 -6.6648488e-002
 -3.9132564e-002 -1.0164393e-001
 -4.0430358e-002 -1.2614040e-001
 -3.9443329e-002 -1.1189444e-001
 -3.6549674e-002 -1.0134534e-001
 -3.5912558e-002 -9.2953897e-002
 -4.5518054e-002 -8.8559370e-002
 -4.1867905e-002 -1.4215846e-001
 -3.7219215e-002 -1.4480319e-001
 -4.0581330e-002 -1.0071133e-001
 -2.6138818e-002 -1.3080201e-001
 -4.3838262e-002 -1.4621829e-001
 -3.6348711e-002 -1.1909455e-001
 -2.7785904e-002 -1.2156289e-001
 -4.3251121e-002 -1.0881359e-001
 -3.6560929e-002 -1.0017248e-001
 -4.4148475e-002 -1.0269719e-001
 -2.6980886e-002 -1.5557878e-001
 -4.6239962e-002 -1.3245084e-001
 -3.1710376e-002 -1.0133823e-001
 -2.6837898e-002 -1.3920115e-001
 -3.0234754e-002 -1.5081807e-001
 -3.5030384e-002 -1.3097802e-001
 -3.3532603e-002 -1.0684490e-001
 -3.4266519e-002 -1.2181599e-001
 -4.7800774e-002 -1.5338731e-001
 -3.2946388e-002 -1.1859716e-001
 -2.8860875e-002 -1.0567336e-001
 -4.5148364e-002 -1.5734318e-001
 -3.0097494e-002 -1.2086304e-001
 -4.2042645e-002 -1.3431430e-001
 -3.6144887e-002 -1.5303393e-001
 -3.1037860e-002 -1.3229426e-001
 -4.1545928e-002 -1.2785154e-001
 -3.3798286e-002 -1.2848742e-001
 -3.3715616e-002 -1.1790152e-001
 -3.8118858e-002 -1.5513697e-001
 -4.1860266e-002 -1.2113035e-001
 -3.5825461e-002 -1.1162052e-001
 -2.4527514e-002 -1.2566055e-001
 -2.1255753e-001 -1.5851530e-001
 -1.9872526e-001 -1.4700670e-001
 -2.0418903e-001 -1.2224540e-001
 -2.0845272e-001 -1.8529594e-001
 -2.1456861e-001 -1.6072136e-001
 -2.1647421e-001 -1.9783650e-001
 -2.0215187e-001 -2.5032808e-001
 -2.1862255e-001 -2.6239909e-001
 -2.0969584e-001 -3.0701336e-001
 -2.0031512e-001 -2.9152684e-001
 -2.2019669e-001 -3.4931738e-001
 -2.0987525e-001 -3.5443824e-001
 -2.1532171e-001 -3.5882889e-001
 -2.1721573e-001 -4.3170747e-001
 -2.1739069e-001 -4.2746600e-001
 -2.0710454e-001 -4.6970852e-001
 -2.0795768e-001 -4.7998681e-001
 -2.2173032e-001 -5.0023345e-001
 -2.1655650e-001 -5.2173595e-001
 -2.2059379e-001 -5.4625834e-001
 -2.0078474e-001 -5.3842283e-001
 -2.1961264e-001 -5.1471581e-001
 -2.0425996e-001 -5.4561882e-001
 -2.1495910e-001 -5.3653703e-001
 -2.2225620e-001 -5.5901304e-001
 -2.2164691e-001 -6.0140281e-001
 -2.0618313e-001 -5.6693598e-001
 -2.2161516e-001 -5.8974899e-001
 -2.0172499e-001 -6.1859038e-001
 -2.1908505e-001 -5.9395917e-001
 -2.1484555e-001 -6.0775243e-001
 -2.0603482e-001 -6.2489788e-001
 -2.1829513e-001 -6.1193829e-001
 -2.0906320e-001 -6.1065213e-001
 -2.0710898e-001 -6.4631950e-001
 -2.0835309e-001 -6.2118208e-001
 -1.9861558e-001 -6.0425473e-001
 -2.2020429e-001 -6.2128679e-001
 -2.0497109e-001 -6.2802343e-001
 -2.0652255e-001 -6.3128019e-001
 -2.0393032e-001 -6.6171998e-001
 -2.1687383e-001 -6.2172840e-001
 -2.1132845e-001 -6.5968954e-001
 -2.0389180e-001 -6.5779781e-001
 -2.0728158e-001 -6.3269649e-001
 -2.2220972e-001 -6.2305292e-001
 -2.0889460e-001 -6.4753759e-001
 -2.1052881e-001 -6.7434173e-001
 -2.1005331e-001 -6.4080980e-001
 -2.1003238e-001 -6.2820980e-001
 -2.1002049e-001 -6.6935850e-001
 -2.1014079e-001 -6.5909438e-001
 -2.2241478e-001 -6.4438371e-001
 -2.0497018e-001 -6.4550255e-001
 -2.0665850e-001 -6.7422148e-001
 -2.1742350e-001 -6.6295559e-001
 -2.0992969e-001 -6.6639312e-001
 -2.1771571e-001 -6.7369528e-001
 -1.9852369e-001 -6.2790262e-001
 -2.1257605e-001 -6.6185658e-001
 -2.0687392e-001 -6.2158959e-001
 -2.1106889e-001 -6.2687064e-001
 -2.0182221e-001 -6.4352635e-001
 -2.0640136e-001 -6.3212914e-001
 -2.1410103e-001 -6.2550752e-001
 -2.1856121e-001 -6.7218970e-001
 -1.9902122e-001 -6.4918991e-001
 -2.0725177e-001 -6.4592417e-001
 -2.0437826e-001 -6.4110195e-001
 -3.5414563e-001 -6.4467485e-001
 -3.5932534e-001 -6.8061273e-001
 -3.7074010e-001 -6.4547304e-001
 -3.7280941e-001 -6.6339978e-001
 -3.7079043e-001 -6.5969765e-001
 -3.6753981e-001 -7.0925500e-001
 -3.6353013e-001 -6.9164719e-001
 -3.5840084e-001 -7.0237798e-001
 -3.5641668e-001 -7.5366653e-001
 -3.5737827e-001 -7.1300915e-001
 -3.6827322e-001 -7.4105473e-001
 -3.5382530e-001 -7.5184936e-001
 -3.6159105e-001 -7.8157473e-001
 -3.5835389e-001 -7.8534311e-001
 -3.6502735e-001 -7.8650451e-001
 -3.7163554e-001 -7.9543082e-001
 -3.6005014e-001 -8.1179823e-001
 -3.7030127e-001 -8.2861475e-001
 -3.7389521e-001 -8.0535961e-001
 -3.7312079e-001 -8.2144698e-001
 -3.5325133e-001 -8.1661344e-001
 -3.6029938e-001 -8.5863207e-001
 -3.7439244e-001 -8.3818743e-001
 -3.7427104e-001 -8.5858160e-001
 -3.6369186e-001 -8.5698731e-001
 -3.6282115e-001 -8.8229438e-001
 -3.6450389e-001 -8.9743283e-001
 -3.5775998e-001 -8.9692290e-001
 -3.5798487e-001 -8.8000159e-001
 -3.6250067e-001 -8.8753486e-001
 -3.6301480e-001 -8.7050888e-001
 -3.6800742e-001 -8.9401007e-001
 -3.5829949e-001 -8.6978913e-001
 -3.7189116e-001 -9.1467772e-001
 -3.6960886e-001 -8.9100430e-001
 -3.6503577e-001 -8.9265568e-001
 -3.6924394e-001 -9.1487101e-001
 -3.6418500e-001 -9.1438112e-001
 -3.6937448e-001 -9.1984937e-001
 -3.5229893e-001 -8.9513793e-001
 -3.7366033e-001 -9.2096388e-001
 -3.5555609e-001 -8.7262558e-001
 -3.5363409e-001 -9.2794794e-001
 -3.6821352e-001 -9.2525237e-001
 -3.6464521e-001 -8.7459097e-001
 -3.5854078e-001 -8.7320191e-001
 -3.5386471e-001 -8.8441071e-001
 -3.7202975e-001 -9.2377797e-001
 -3.5236656e-001 -9.0172777e-001
 -3.6520251e-001 -8.7486843e-001
 -3.5972987e-001 -8.9582166e-001
 -3.5884784e-001 -8.9852152e-001
 -3.5140179e-001 -8.7507905e-001
 -3.7229906e-001 -9.2099778e-001
 -3.6967121e-001 -9.0824973e-001
 -3.5928463e-001 -9.0722036e-001
 -3.7490367e-001 -9.2262619e-001
 -3.6840971e-001 -9.0831792e-001
 -3.7293403e-001 -9.2946832e-001
 -3.5844630e-001 -9.0275767e-001
 -3.5218629e-001 -8.8187002e-001
 -3.5816698e-001 -9.2782790e-001
 -3.6883714e-001 -9.0839913e-001
 -3.6439594e-001 -9.2436994e-001
 -3.5784639e-001 -8.9180509e-001
 -3.5582875e-001 -8.9324358e-001
 -3.7385718e-001 -9.1554732e-001
 -3.6783402e-001 -8.7793155e-001
 -3.7003442e-001 -8.8354487e-001
  1.4987032e-001 -8.7845950e-001
  1.5607768e-001 -9.2397651e-001
  1.3819792e-001 -8.9215268e-001
  1.3878550e-001 -8.4558434e-001
  1.5427879e-001 -7.6121369e-001
  1.4808209e-001 -6.9672458e-001
  1.4015721e-001 -6.3565908e-001
  1.4025695e-001 -5.2932477e-001
  1.3744188e-001 -5.0054732e-001
  1.4728823e-001 -3.9562007e-001
  1.3865604e-001 -3.2383282e-001
  1.3645710e-001 -2.5877767e-001
  1.5714798e-001 -1.9172071e-001
  1.5078795e-001 -1.3667062e-001
  1.4168130e-001 -6.7829087e-002
  1.4431235e-001 -1.6369934e-002
  1.4470592e-001  4.4414588e-002
  1.4624618e-001  1.4251763e-001
  1.3616936e-001  1.3274050e-001
  1.5716787e-001  1.9078514e-001
  1.5430861e-001  2.5865486e-001
  1.5166798e-001  2.4998728e-001
  1.3473857e-001  3.2332711e-001
  1.4849521e-001  3.5583265e-001
  1.4384132e-001  3.4976756e-001
  1.5721149e-001  4.1192651e-001
  1.4846769e-001  3.9463276e-001
  1.3732729e-001  4.5025536e-001
  1.4106359e-001  4.6954176e-001
  1.5318607e-001  4.4962892e-001
  1.4028043e-001  4.8635891e-001
  1.4302670e-001  4.6689155e-001
  1.4352916e-001  4.8654994e-001
  1.3420873e-001  4.8271969e-001
  1.4802069e-001  4.9136850e-001
  1.4552223e-001  5.3341820e-001
  1.3731567e-001  5.5171077e-001
  1.4638364e-001  5.5152693e-001
  1.3477076e-001  5.2126841e-001
  1.5064412e-001  5.3530103e-001
  1.4522776e-001  5.7867420e-001
  1.5600722e-001  5.7718922e-001
  1.4264340e-001  5.4200236e-001
  1.4279343e-001  5.4570118e-001
  1.3611913e-001  5.3857429e-001
  1.4306283e-001  5.7208688e-001
  1.4549907e-001  5.7823511e-001
  1.3577883e-001  6.0083165e-001
  1.4345532e-001  6.0398191e-001
  1.4563929e-001  5.8148124e-001
  1.5468993e-001  5.9711838e-001
  1.4759517e-001  5.9354459e-001
  1.4096297e-001  5.5196150e-001
  1.5385687e-001  6.0909733e-001
  1.5519605e-001  5.7979656e-001
  1.3619759e-001  5.9474474e-001
  1.5175897e-001  5.6056375e-001
  1.3588563e-001  5.5474065e-001
  1.4794961e-001  6.0350583e-001
  1.3662909e-001  5.8944493e-001
  1.5545387e-001  6.1234266e-001
  1.3868018e-001  5.8111514e-001
  1.5015021e-001  6.0490638e-001
  1.4589729e-001  5.5577902e-001
  1.3388823e-001  5.9459263e-001
  1.4677018e-001  6.0208861e-001
  1.5693365e-001  5.5875608e-001
  1.4167776e-001  5.7540232e-001
  1.5437901e-001  5.9037374e-001
  1.3704099e-001  5.9138551e-001
  1.3042207e-001  5.6490780e-001
  1.3363039e-001  5.5629797e-001
  1.1918058e-001  5.9878067e-001
  1.2909295e-001  5.8105695e-001
  1.4091134e-001  5.9474169e-001
  1.2817435e-001  5.5180507e-001
  1.2811619e-001  5.7081760e-001
  1.2863049e-001  5.9700032e-001
  1.2756532e-001  5.6254153e-001
  1.2943829e-001  5.8004247e-001
  1.2539763e-001  5.8592254e-001
  1.3204989e-001  5.4725498e-001
  1.2546024e-001  5.5318006e-001
  1.2728624e-001  5.6440144e-001
  1.2268410e-001  5.4945040e-001
  1.3067698e-001  5.5544262e-001
  1.2187340e-001  5.1914951e-001
  1.3643459e-001  5.4311177e-001
  1.2469829e-001  5.4941504e-001
  1.1922127e-001  5.0655388e-001
  1.3943758e-001  5.2021068e-001
  1.3252869e-001  5.2941989e-001
  1.2668653e-001  5.0574634e-001
  1.2287164e-001  5.0096647e-001
  1.3019404e-001  5.3234966e-001
  1.3785162e-001  5.4906047e-001
  1.2613975e-001  5.3867474e-001
  1.2161448e-001  5.5142747e-001
  1.2253429e-001  5.2144435e-001
  1.2422180e-001  5.3364146e-001
  1.3151274e-001  5.2543513e-001
  1.2497847e-001  5.3406774e-001
  1.2876329e-001  4.9992100e-001
  1.3046466e-001  5.4975547e-001
  1.2161628e-001  5.2535034e-001
  1.2566042e-001  5.2142281e-001
  1.1770205e-001  4.9668690e-001
  1.4079840e-001  5.2290850e-001
  1.1824645e-001  5.0695146e-001
  1.2645249e-001  5.3265614e-001
  1.2409503e-001  5.0041046e-001
  1.3616739e-001  5.0903499e-001
  1.2977207e-001  5.2579376e-001
  1.2808599e-001  5.2796511e-001
  1.2791083e-001  5.2291364e-001
  1.2073125e-001  5.1020293e-001
  1.3300514e-001  5.1720087e-001
  1.3901075e-001  4.9464152e-001
  1.3116982e-001  5.4207375e-001
  1.3590628e-001  5.4603470e-001
  1.3535211e-001  5.1418595e-001
  1.2766526e-001  5.4791250e-001
  1.3478576e-001  5.4280685e-001
  1.3463335e-001  5.4588892e-001
  1.2138930e-001  5.1421117e-001
  1.3286770e-001  5.0879468e-001
  1.3410050e-001  5.2101986e-001
  1.3426881e-001  5.2942434e-001
  1.3983391e-001  4.9222353e-001
  1.3061135e-001  5.2790055e-001
  1.2220608e-001  5.0139546e-001
  1.2315147e-001  5.2278083e-001
  1.2666084e-001  5.0612888e-001
  1.2696654e-001  5.4854683e-001
  1.3725057e-001  4.9130516e-001
  1.3236967e-001  4.9587102e-001
  1.2581179e-001  5.2861981e-001
  1.2760944e-001  5.3343896e-001
 -6.5884592e-001  5.3260826e-001
 -6.5068544e-001  5.2579613e-001
 -6.4621977e-001  4.7582238e-001
 -6.6667850e-001  4.8225634e-001
 -6.4392391e-001  4.2512913e-001
 -6.5151394e-001  3.3164312e-001
 -6.6504686e-001  2.8179294e-001
 -6.6131791e-001  1.9810714e-001
 -6.5032138e-001  1.2840364e-001
 -6.5422612e-001  6.8900872e-002
 -6.4975734e-001 -1.0590952e-002
 -6.5258721e-001 -2.4312193e-002
 -6.4925830e-001 -8.4125465e-002
 -6.6611054e-001 -1.7793603e-001
 -6.5064953e-001 -2.2245413e-001
 -6.6335550e-001 -2.4869831e-001
 -6.4708181e-001 -3.3087383e-001
 -6.5766153e-001 -3.3960938e-001
 -6.4464541e-001 -4.0450523e-001
 -6.6240466e-001 -4.3523817e-001
 -6.5803974e-001 -4.6782190e-001
 -6.5878071e-001 -5.1299793e-001
 -6.6336077e-001 -4.9743006e-001
 -6.5568049e-001 -5.2236607e-001
 -6.4627848e-001 -5.9377168e-001
 -6.4913521e-001 -6.0695183e-001
 -6.4646765e-001 -6.3578597e-001
 -6.4845715e-001 -6.3541738e-001
 -6.6050368e-001 -6.5257210e-001
 -6.4630584e-001 -6.3806440e-001
 -6.5045859e-001 -6.7079337e-001
 -6.4301710e-001 -6.7624071e-001
 -6.5268948e-001 -7.0130182e-001
 -6.5244634e-001 -6.9755326e-001
 -6.6135697e-001 -6.8062675e-001
 -6.6637924e-001 -6.8721248e-001
 -6.4456855e-001 -7.4308041e-001
 -6.4928629e-001 -7.4607165e-001
 -6.6025269e-001 -7.2215542e-001
 -6.5128248e-001 -7.1076870e-001
 -6.6357697e-001 -7.4351903e-001
 -6.6114494e-001 -7.1382251e-001
 -6.4945872e-001 -7.5863916e-001
 -6.5328112e-001 -7.3034061e-001
 -6.5312910e-001 -7.3654564e-001
 -6.5685443e-001 -7.5346327e-001
 -6.5863444e-001 -7.3261925e-001
 -6.5110000e-001 -7.2630203e-001
 -6.6094832e-001 -7.4824493e-001
 -6.5850017e-001 -7.6045033e-001
 -6.5146570e-001 -7.5985488e-001
 -6.4462514e-001 -7.6783732e-001
 -6.5578128e-001 -7.4162031e-001
 -6.5931967e-001 -7.6271662e-001
 -6.6276461e-001 -7.7416230e-001
 -6.6107519e-001 -7.6914634e-001
 -6.6309766e-001 -7.3718883e-001
 -6.5632582e-001 -7.6615918e-001
 -6.4720392e-001 -7.7089231e-001
 -6.6315010e-001 -7.4828874e-001
 -6.6382141e-001 -7.4656388e-001
 -6.5501240e-001 -7.3652071e-001
 -6.5552728e-001 -7.3859953e-001
 -6.4350682e-001 -7.5739089e-001
 -6.6607664e-001 -7.6010658e-001
 -6.6324587e-001 -7.8676684e-001
 -6.4674241e-001 -7.8172032e-001
 -6.4330427e-001 -7.7076695e-001
 -6.6293139e-001 -7.7842491e-001
  8.9517262e-002 -7.8010193e-001
  8.5073644e-002 -7.6844285e-001
  8.6423121e-002 -7.7155167e-001
  8.0903791e-002 -6.8417314e-001
  9.2600587e-002 -6.7057375e-001
  9.1933825e-002 -6.0343878e-001
  8.0753402e-002 -5.7822669e-001
  7.8534753e-002 -4.7264114e-001
  9.6345946e-002 -4.3213446e-001
  8.3235618e-002 -4.0640478e-001
  8.3789133e-002 -3.3653917e-001
  9.9485087e-002 -2.6313012e-001
  8.2586536e-002 -1.9511001e-001
  8.1505333e-002 -1.8237150e-001
  8.4835986e-002 -1.2257614e-001
  9.3433654e-002 -8.9169952e-002
  9.5378095e-002 -6.0427769e-002
  7.9743058e-002 -2.3619313e-003
  8.6771284e-002  4.3977126e-002
  7.9364885e-002  5.6167766e-002
  8.5451347e-002  1.1832163e-001
  8.4057546e-002  1.2491738e-001
  8.4725184e-002  1.2101171e-001
  8.4905020e-002  1.7937218e-001
  9.5758901e-002  2.1278506e-001
  8.1004622e-002  1.9112831e-001
  9.0582878e-002  2.2321012e-001
  8.2310749e-002  2.1358166e-001
  8.5913789e-002  2.4791926e-001
  7.9275977e-002  2.3782581e-001
  8.3514514e-002  2.4083541e-001
  8.5792805e-002  2.5277722e-001
  9.6577109e-002  3.0724592e-001
  9.2149192e-002  2.9332257e-001
  9.1505485e-002  2.9040035e-001
  8.7030161e-002  3.0111104e-001
  8.6320271e-002  3.3372252e-001
  9.1028480e-002  2.9990947e-001
  9.5538523e-002  3.2949854e-001
  8.4802738e-002  3.1052645e-001
  9.8416542e-002  3.1174677e-001
  8.8632362e-002  3.2965624e-001
  9.6408705e-002  3.4086434e-001
  8.6927843e-002  3.2545954e-001
  8.8924255e-002  3.1484080e-001
  8.0961627e-002  3.5170460e-001
  8.8431955e-002  3.6920781e-001
  8.1554756e-002  3.2753821e-001
  9.7005424e-002  3.4734784e-001
  9.4076131e-002  3.5141085e-001
  9.3625552e-002  3.4771451e-001
  9.3502646e-002  3.4080372e-001
  8.6695404e-002  3.5888478e-001
  9.6659293e-002  3.6312631e-001
  7.8670979e-002  3.4963533e-001
  8.6681560e-002  3.2977607e-001
  8.9365945e-002  3.5001300e-001
  1.0116974e-001  3.2816673e-001
  8.0443544e-002  3.8271250e-001
  7.9067610e-002  3.3375707e-001
  9.7905483e-002  3.4666760e-001
  7.9508515e-002  3.3782562e-001
  8.2239478e-002  3.3197465e-001
  9.6806831e-002  3.4895011e-001
  8.6350895e-002  3.5043156e-001
  9.5894964e-002  3.7804836e-001
  1.0143084e-001  3.4925020e-001
  9.3065036e-002  3.4509450e-001
  7.9945049e-002  3.8311457e-001
  8.3371832e-001  3.5717435e-001
  8.4460052e-001  3.6309423e-001
  8.4507134e-001  3.8596763e-001
  8.4132840e-001  4.5427548e-001
  8.4085172e-001  5.0433824e-001
  8.3624579e-001  6.2218486e-001
  8.2642534e-001  7.2613541e-001
  8.4479350e-001  8.1705101e-001
  8.3620801e-001  8.7969374e-001
  8.3576228e-001  1.0170679e+000
  8.4924713e-001  1.0655821e+000
  8.3518709e-001  1.1849947e+000
  8.4970617e-001  1.2777064e+000
  8.2805051e-001  1.3552959e+000
  8.4764361e-001  1.3969579e+000
  8.3703902e-001  1.5043197e+000
  8.3310115e-001  1.5678426e+000
  8.3352425e-001  1.5857845e+000
  8.4923075e-001  1.6538368e+000
  8.4720638e-001  1.7360172e+000
  8.4157368e-001  1.7881099e+000
  8.4284621e-001  1.7832359e+000
  8.4100313e-001  1.8595729e+000
  8.3636304e-001  1.8729115e+000
  8.2765215e-001  1.9219143e+000
  8.3257571e-001  1.9388759e+000
  8.4196018e-001  1.9466239e+000
  8.4797630e-001  1.9875144e+000
  8.3236231e-001  2.0220111e+000
  8.3257083e-001  2.0659914e+000
  8.4573557e-001  2.0795502e+000
  8.2912703e-001  2.0989665e+000
  8.2813464e-001  2.0746117e+000
  8.4396864e-001  2.1220572e+000
  8.2782916e-001  2.0822415e+000
  8.4517820e-001  2.1214427e+000
  8.4010783e-001  2.1312336e+000
  8.2799571e-001  2.1551966e+000
  8.3770008e-001  2.1602398e+000
  8.4921292e-001  2.1494313e+000
  8.4094608e-001  2.1754942e+000
  8.3296358e-001  2.1490905e+000
  8.2792118e-001  2.1415819e+000
  8.3745716e-001  2.1626473e+000
  8.3049746e-001  2.1949979e+000
  8.3444125e-001  2.1961415e+000
  8.4702099e-001  2.1868516e+000
  8.3039613e-001  2.1879860e+000
  8.2787087e-001  2.1541391e+000
  8.2807141e-001  2.1833755e+000
  8.4228290e-001  2.1621176e+000
  8.3946186e-001  2.1569867e+000
  8.2965771e-001  2.1919820e+000
  8.3269388e-001  2.2137355e+000
  8.3786496e-001  2.1598506e+000
  8.2782032e-001  2.1998072e+000
  8.4833851e-001  2.1936404e+000
  8.4230033e-001  2.1647765e+000
  8.4056490e-001  2.1872809e+000
  8.4272328e-001  2.2119017e+000
  8.4000664e-001  2.1909692e+000
  8.2592665e-001  2.2090241e+000
  8.4425996e-001  2.1841485e+000
  8.4905780e-001  2.2155866e+000
  8.2710549e-001  2.1785245e+000
  8.2799584e-001  2.2144643e+000
  8.3856184e-001  2.1845591e+000
  8.2647620e-001  2.1703640e+000
  8.4348889e-001  2.1988457e+000
  8.1718007e-001  2.2060637e+000
  8.0588870e-001  2.1753707e+000
  8.2292478e-001  2.1906052e+000
  8.1037994e-001  2.1778633e+000
  8.1904855e-001  2.2159654e+000
  8.1480328e-001  2.1864202e+000
  8.1568511e-001  2.1820630e+000
  8.0973081e-001  2.1887473e+000
  8.1661979e-001  2.2292257e+000
  8.1767666e-001  2.2137899e+000
  8.1519877e-001  2.2231905e+000
  8.2338904e-001  2.2383064e+000
  8.0658420e-001  2.2337874e+000
  8.2121914e-001  2.2551865e+000
  8.1869030e-001  2.2079695e+000
  8.1508309e-001  2.2305832e+000
  8.1301831e-001  2.2548522e+000
  8.1847600e-001  2.2147608e+000
  8.0097629e-001  2.2682705e+000
  8.0053618e-001  2.2200480e+000
  8.0481424e-001  2.2177057e+000
  8.2269025e-001  2.2192143e+000
  8.1095261e-001  2.2364324e+000
  8.0566320e-001  2.2444204e+000
  8.0837568e-001  2.2225325e+000
  8.1513038e-001  2.2224319e+000
  8.1819169e-001  2.2563032e+000
  8.0437711e-001  2.2637085e+000
  8.0174144e-001  2.2418889e+000
  8.1608514e-001  2.2607558e+000
  8.1161674e-001  2.2339872e+000
  8.0548743e-001  2.2285542e+000
  8.1691726e-001  2.2348986e+000
  8.1438557e-001  2.2681306e+000
  8.0403152e-001  2.2324639e+000
  8.0591177e-001  2.2359461e+000
  8.1155671e-001  2.2468701e+000
  8.2115409e-001  2.2777425e+000
  8.2087451e-001  2.2600783e+000
  8.0590571e-001  2.2840045e+000
  8.1375856e-001  2.2731980e+000
  8.1443033e-001  2.2538760e+000
  8.2126166e-001  2.2689729e+000
  8.1810946e-001  2.2454561e+000
  8.0849542e-001  2.2456022e+000
  8.0253187e-001  2.2314107e+000
  8.0310844e-001  2.2531695e+000
  8.1622143e-001  2.2776559e+000
  8.1907551e-001  2.2586549e+000
  8.1442134e-001  2.2829976e+000
  8.1068681e-001  2.2617836e+000
  8.1981152e-001  2.2478046e+000
  8.2020059e-001  2.2849291e+000
  8.0117809e-001  2.2859852e+000
  8.1280036e-001  2.2805613e+000
  8.1856812e-001  2.2377363e+000
  8.1640288e-001  2.2752942e+000
  8.1643214e-001  2.2674612e+000
  8.1874981e-001  2.2444442e+000
  8.1998636e-001  2.2471916e+000
  8.1024689e-001  2.2593001e+000
  8.2119868e-001  2.2357852e+000
  8.1195893e-001  2.2725693e+000
  8.2345047e-001  2.2514453e+000
  8.1338112e-001  2.2325691e+000
  8.0840439e-001  2.2746111e+000
  8.2209816e-001  2.2567202e+000
  8.1617163e-001  2.2510452e+000
  8.0130722e-001  2.2491765e+000
  1.7268821e-001  2.2792942e+000
  1.7698204e-001  2.2424918e+000
  1.7711946e-001  2.2528574e+000
  1.6380222e-001  2.2016606e+000
  1.8227845e-001  2.1023324e+000
  1.8169311e-001  2.0715227e+000
  1.7379135e-001  1.9788850e+000
  1.6356474e-001  1.9116163e+000
  1.7006512e-001  1.7922974e+000
  1.8028901e-001  1.7349752e+000
  1.7175268e-001  1.6682288e+000
  1.6551909e-001  1.5561933e+000
  1.7966295e-001  1.5072921e+000
  1.6359991e-001  1.4446765e+000
  1.8323764e-001  1.3425101e+000
  1.8151866e-001  1.2907637e+000
  1.7163091e-001  1.2555604e+000
  1.6381733e-001  1.2187799e+000
  1.6074310e-001  1.1470490e+000
  1.6351097e-001  1.0896559e+000
  1.6808241e-001  1.0907720e+000
  1.6277054e-001  1.0272093e+000
  1.7927799e-001  9.8115607e-001
  1.6386527e-001  9.5513944e-001
  1.7957614e-001  9.3954216e-001
  1.7084655e-001  9.2102788e-001
  1.6863277e-001  8.7060299e-001
  1.7782841e-001  8.4488460e-001
  1.7693015e-001  8.5299917e-001
  1.7756608e-001  8.4568829e-001
  1.7875543e-001  8.4721350e-001
  1.7542452e-001  8.0125220e-001
  1.7280620e-001  7.7228168e-001
  1.6341086e-001  7.7432676e-001
  1.6069935e-001  7.5616356e-001
  1.7858839e-001  7.5633983e-001
  1.8078789e-001  7.6006230e-001
  1.8247738e-001  7.4027519e-001
  1.7039257e-001  7.4440187e-001
  1.7963437e-001  7.3410242e-001
  1.7027389e-001  7.2713858e-001
  1.8331196e-001  7.5939282e-001
  1.6111744e-001  7.3654355e-001
  1.8374650e-001  7.0614161e-001
  1.6886923e-001  7.0235346e-001
  1.7920392e-001  7.1735108e-001
  1.6710792e-001  7.4900721e-001
  1.8193218e-001  6.9125723e-001
  1.6574040e-001  7.1488941e-001
  1.6929766e-001  7.4328713e-001
  1.8102210e-001  7.2723206e-001
  1.7799696e-001  7.0870279e-001
  1.6672593e-001  7.3949242e-001
  1.7855353e-001  7.2525026e-001
  1.6973417e-001  7.3708130e-001
  1.7804047e-001  7.2876137e-001
  1.6927210e-001  7.2342407e-001
  1.8195263e-001  6.9886790e-001
  1.7739979e-001  7.3198466e-001
  1.6702683e-001  6.7666233e-001
  1.8021604e-001  7.0732344e-001
  1.8062376e-001  6.9343567e-001
  1.6450112e-001  7.2468556e-001
  1.8164015e-001  7.1123754e-001
  1.6839089e-001  7.1528923e-001
  1.8422715e-001  7.1954549e-001
  1.7025524e-001  7.1650921e-001
  1.6083759e-001  7.2305119e-001
  1.8199635e-001  6.9376338e-001
  7.0784925e-001  7.2384736e-001
  7.0683229e-001  6.9330907e-001
  7.1057003e-001  7.2726016e-001
  7.1347052e-001  7.7444023e-001
  7.0229501e-001  8.5133277e-001
  7.0656115e-001  9.0618849e-001
  7.0617595e-001  1.0270735e+000
  7.2386863e-001  1.1225467e+000
  7.0503537e-001  1.1598573e+000
  7.0864546e-001  1.2611095e+000
  7.0724090e-001  1.3353319e+000
  7.1083375e-001  1.4132437e+000
  7.0154762e-001  1.4902919e+000
  7.1516623e-001  1.5888693e+000
  7.2427862e-001  1.6346787e+000
  7.0086355e-001  1.6941098e+000
  7.1865192e-001  1.7673734e+000
  7.0723812e-001  1.8138525e+000
  7.0434009e-001  1.9077887e+000
  7.0390663e-001  1.9435685e+000
  7.2299582e-001  1.9547843e+000
  7.1209477e-001  1.9832067e+000
  7.0303723e-001  2.0569449e+000
  7.2214740e-001  2.0525771e+000
  7.0032244e-001  2.1160763e+000
  7.2044725e-001  2.1376654e+000
  7.0126603e-001  2.1296971e+000
  7.2162635e-001  2.1957516e+000
  7.1300955e-001  2.2124609e+000
  7.1900721e-001  2.2129786e+000
  7.1490031e-001  2.2024045e+000
  7.0182323e-001  2.2445079e+000
  7.0871242e-001  2.2315456e+000
  7.1302335e-001  2.2370885e+000
  7.1875195e-001  2.2998300e+000
  7.0131555e-001  2.2776789e+000
  7.2226094e-001  2.2726443e+000
  7.2222508e-001  2.3041404e+000
  7.1034117e-001  2.3085825e+000
  7.1979733e-001  2.2994362e+000
  7.2127655e-001  2.3251520e+000
  7.1048628e-001  2.3206250e+000
  7.0946466e-001  2.3348577e+000
  7.1588032e-001  2.3225625e+000
  7.1458054e-001  2.3517064e+000
  7.0477396e-001  2.3106980e+000
  7.2331108e-001  2.3566356e+000
  7.0674078e-001  2.3618585e+000
  7.1860034e-001  2.3453455e+000
  7.1841739e-001  2.3424970e+000
  7.0571455e-001  2.3506792e+000
  7.1172824e-001  2.3464937e+000
  7.1408366e-001  2.3266181e+000
  7.1536884e-001  2.3205656e+000
  7.0690786e-001  2.3351303e+000
  7.1542153e-001  2.3744986e+000
  7.1249469e-001  2.3444259e+000
  7.1315310e-001  2.3437452e+000
  7.0981066e-001  2.3767666e+000
  7.1693509e-001  2.3636706e+000
  7.2276728e-001  2.3721122e+000
  7.0360043e-001  2.3378414e+000
  7.1129496e-001  2.3386784e+000
  7.0514024e-001  2.3406122e+000
  7.0417939e-001  2.3564851e+000
  7.0464558e-001  2.3635999e+000
  7.1851859e-001  2.3624565e+000
  7.1940704e-001  2.3553313e+000
  7.2278840e-001  2.3352600e+000
  9.4876035e-001  2.3389897e+000
  9.6754089e-001  2.3573228e+000
  9.5628834e-001  2.3591383e+000
  9.4820900e-001  2.2988479e+000
  9.6125521e-001  2.2893639e+000
  9.5363999e-001  2.2435034e+000
  9.4999784e-001  2.2057349e+000
  9.6805341e-001  2.1651136e+000
  9.6333462e-001  2.1339739e+000
  9.5860584e-001  2.1100848e+000
  9.4661754e-001  2.1072840e+000
  9.6889464e-001  2.0546555e+000
  9.5736367e-001  2.0161947e+000
  9.6886664e-001  2.0061841e+000
  9.6856048e-001  1.9389420e+000
  9.6615516e-001  1.9674124e+000
  9.6493452e-001  1.9183790e+000
  9.6069911e-001  1.8697741e+000
  9.4646541e-001  1.8640460e+000
  9.4762988e-001  1.8361274e+000
  9.5819595e-001  1.8296723e+000
  9.6036613e-001  1.8158394e+000
  9.6685931e-001  1.8159635e+000
  9.6821003e-001  1.7922114e+000
  9.6869474e-001  1.7794566e+000
  9.6689757e-001  1.7612998e+000
  9.6676904e-001  1.7904172e+000
  9.6706622e-001  1.7773418e+000
  9.5857530e-001  1.7582540e+000
  9.6528553e-001  1.7539535e+000
  9.6721681e-001  1.7360928e+000
  9.6643827e-001  1.7427656e+000
  9.4684703e-001  1.7317557e+000
  9.6686125e-001  1.7201035e+000
  9.6832927e-001  1.7283653e+000
  9.6398079e-001  1.7287220e+000
  9.5176771e-001  1.6815364e+000
  9.5491794e-001  1.7308930e+000
  9.6546799e-001  1.7270864e+000
  9.6909785e-001  1.6852820e+000
  9.5946110e-001  1.7146891e+000
  9.4949143e-001  1.7015788e+000
  9.6079920e-001  1.6724901e+000
  9.5389654e-001  1.7174826e+000
  9.6495797e-001  1.6671862e+000
  9.6556790e-001  1.7087694e+000
  9.5682031e-001  1.6609026e+000
  9.5863328e-001  1.6719612e+000
  9.5304315e-001  1.6615793e+000
  9.5491333e-001  1.7042601e+000
  9.6305225e-001  1.6934089e+000
  9.5470383e-001  1.6619866e+000
  9.5612675e-001  1.7003099e+000
  9.6955701e-001  1.7015826e+000
  9.6240626e-001  1.6880248e+000
  9.5862114e-001  1.6937797e+000
  9.5754532e-001  1.6718513e+000
  9.5103196e-001  1.6794599e+000
  9.6667222e-001  1.6881652e+000
  9.6931115e-001  1.6865232e+000
  9.5551253e-001  1.7009632e+000
  9.6084799e-001  1.6541027e+000
  9.6312703e-001  1.7089802e+000
  9.5822561e-001  1.6926065e+000
  9.5549444e-001  1.6541619e+000
  9.4899012e-001  1.6801137e+000
  9.6307729e-001  1.6771211e+000
  9.6369494e-001  1.6960811e+000
  9.6709166e-001  1.7074276e+000
 -9.2647877e-001  1.6645704e+000
 -9.2967260e-001  1.6588815e+000
 -9.1649537e-001  1.6553472e+000
 -9.3093570e-001  1.6039163e+000
 -9.2046819e-001  1.5166859e+000
 -9.2459619e-001  1.4940177e+000
 -9.2289140e-001  1.3880220e+000
 -9.3791424e-001  1.2990947e+000
 -9.1965103e-001  1.1947012e+000
 -9.3485747e-001  1.1354915e+000
 -9.2916586e-001  1.0215685e+000
 -9.3599804e-001  9.5961961e-001
 -9.1767624e-001  8.8603846e-001
 -9.2556979e-001  8.1698502e-001
 -9.3851470e-001  7.7806800e-001
 -9.3442947e-001  7.0383704e-001
 -9.2871969e-001  6.1197254e-001
 -9.3714122e-001  5.9287227e-001
 -9.1822103e-001  5.5524632e-001
 -9.1747435e-001  4.7841790e-001
 -9.3703538e-001  4.3467958e-001
 -9.2725378e-001  4.4142658e-001
 -9.3390922e-001  4.0488913e-001
 -9.3528946e-001  3.6004815e-001
 -9.3836019e-001  3.4328160e-001
 -9.3882826e-001  2.9137142e-001
 -9.3285542e-001  2.7882359e-001
 -9.1757784e-001  2.6503219e-001
 -9.2321533e-001  2.0652296e-001
 -9.2272645e-001  2.0114144e-001
 -9.1770712e-001  2.1655477e-001
 -9.1574388e-001  2.0028316e-001
 -9.3772154e-001  1.5891298e-001
 -9.3556890e-001  1.5782158e-001
 -9.1759179e-001  1.8611468e-001
 -9.1828120e-001  1.7818796e-001
 -9.2920335e-001  1.6487356e-001
 -9.2014283e-001  1.6009819e-001
 -9.2428158e-001  1.4467716e-001
 -9.1616021e-001  9.9809699e-002
 -9.3790519e-001  1.2210450e-001
 -9.2753298e-001  9.2375328e-002
 -9.1578347e-001  9.4447523e-002
 -9.3204696e-001  8.2100513e-002
 -9.1954370e-001  7.8571194e-002
 -9.3481783e-001  1.2117460e-001
 -9.2266630e-001  1.0315904e-001
 -9.1548674e-001  7.5939158e-002
 -9.2234764e-001  9.0326349e-002
 -9.2291317e-001  7.4465478e-002
 -9.2313427e-001  1.0382909e-001
 -9.2697217e-001  6.2609194e-002
 -9.3475634e-001  6.4054282e-002
 -9.2223913e-001  1.1339371e-001
 -9.3734990e-001  8.5090130e-002
 -9.3791527e-001  9.8245831e-002
 -9.2123851e-001  9.9184814e-002
 -9.2116965e-001  1.1101489e-001
 -9.3013586e-001  1.0429802e-001
 -9.3359131e-001  9.0308854e-002
 -9.2133260e-001  6.7013501e-002
 -9.3008552e-001  5.9618605e-002
 -9.1738060e-001  8.8681707e-002
 -9.3281531e-001  1.1012563e-001
 -9.1844865e-001  7.6446275e-002
 -9.3413344e-001  5.1686637e-002
 -9.3425230e-001  1.0019644e-001
 -9.1935931e-001  5.3014419e-002
 -9.3789029e-001  1.0770643e-001
  4.6005974e-001  9.6441701e-002
  4.6531055e-001  6.0139449e-002
  4.6258139e-001  1.4070294e-001
  4.5683978e-001  1.7312494e-001
  4.7914366e-001  2.4150691e-001
  4.6382213e-001  2.9949251e-001
  4.5649620e-001  3.8859659e-001
  4.5811494e-001  5.3214858e-001
  4.5805774e-001  6.2212711e-001
  4.7958077e-001  7.2296658e-001
  4.7563044e-001  7.8275352e-001
  4.7345910e-001  8.7246378e-001
  4.7028458e-001  9.8704055e-001
  4.6965015e-001  1.0579842e+000
  4.7947570e-001  1.1033167e+000
  4.7282646e-001  1.1890717e+000
  4.7052283e-001  1.2582947e+000
  4.5606051e-001  1.2993486e+000
  4.5835362e-001  1.3659242e+000
  4.6055392e-001  1.4391444e+000
  4.7047727e-001  1.4888919e+000
  4.7362640e-001  1.4903647e+000
  4.5712240e-001  1.5248521e+000
  4.6749012e-001  1.6113006e+000
  4.7045225e-001  1.5997444e+000
  4.7649520e-001  1.6661125e+000
  4.5628855e-001  1.6998411e+000
  4.6869483e-001  1.6676340e+000
  4.7256098e-001  1.7382565e+000
  4.6299483e-001  1.7628325e+000
  4.5818474e-001  1.7395386e+000
  4.5726680e-001  1.7847030e+000
  4.6808255e-001  1.7533449e+000
  4.7341972e-001  1.7697747e+000
  4.7812505e-001  1.7883017e+000
  4.6841458e-001  1.8112101e+000
  4.5808241e-001  1.8023502e+000
  4.6894358e-001  1.8524799e+000
  4.6661870e-001  1.8451502e+000
  4.7045068e-001  1.8357943e+000
  4.6147811e-001  1.8215659e+000
  4.6218942e-001  1.8264454e+000
  4.7463567e-001  1.8643680e+000
  4.7039126e-001  1.8444292e+000
  4.7322226e-001  1.8608744e+000
  4.7058252e-001  1.8407413e+000
  4.7896212e-001  1.8714619e+000
  4.7967941e-001  1.8581340e+000
  4.5668813e-001  1.8801386e+000
  4.7518528e-001  1.8636757e+000
  4.7187485e-001  1.8621198e+000
  4.7509934e-001  1.8677433e+000
  4.7482982e-001  1.8945717e+000
  4.5683273e-001  1.9034145e+000
  4.6796789e-001  1.8669380e+000
  4.7739279e-001  1.8655843e+000
  4.7443408e-001  1.9117870e+000
  4.6923724e-001  1.8828175e+000
  4.5711689e-001  1.8929412e+000
  4.6702402e-001  1.9108700e+000
  4.6961965e-001  1.8942172e+000
  4.7459484e-001  1.8928352e+000
  4.5717725e-001  1.8694498e+000
  4.6667786e-001  1.8705341e+000
  4.6818197e-001  1.9061377e+000
  4.7197538e-001  1.8862306e+000
  4.7201271e-001  1.8739459e+000
  4.5990520e-001  1.9100577e+000
  4.7193115e-001  1.9009447e+000
 -5.8259182e-001  1.8892605e+000
 -5.7047151e-001  1.9050755e+000
 -5.8120393e-001  1.8487967e+000
 -5.7530216e-001  1.7318464e+000
 -5.7904933e-001  1.6698160e+000
 -5.6961922e-001  1.5000215e+000
 -5.6920093e-001  1.3678245e+000
 -5.7156330e-001  1.2438826e+000
 -5.7516426e-001  1.0695255e+000
 -5.9037676e-001  9.5391028e-001
 -5.8270732e-001  8.1790848e-001
 -5.8361380e-001  6.9235722e-001
 -5.6904309e-001  5.5257026e-001
 -5.8940623e-001  4.1693162e-001
 -5.8969772e-001  3.1422893e-001
 -5.6920269e-001  2.0948707e-001
 -5.8393374e-001  9.1663949e-002
 -5.8124463e-001 -1.5883301e-002
 -5.9250067e-001 -6.2109804e-002
 -5.8762517e-001 -1.5169376e-001
 -5.8437136e-001 -2.5223299e-001
 -5.9230347e-001 -2.8897269e-001
 -5.7067784e-001 -3.5077792e-001
 -5.8368482e-001 -3.8786167e-001
 -5.8313739e-001 -4.3535096e-001
 -5.9032344e-001 -4.7615279e-001
 -5.8811911e-001 -5.4041447e-001
 -5.8722084e-001 -5.7242262e-001
 -5.7019404e-001 -6.4076055e-001
 -5.8216642e-001 -6.1251971e-001
 -5.7499037e-001 -6.6000202e-001
 -5.6986240e-001 -6.8418951e-001
 -5.9043159e-001 -7.2724127e-001
 -5.7421502e-001 -7.3603795e-001
 -5.8697722e-001 -7.7532237e-001
 -5.8919376e-001 -7.5258464e-001
 -5.7385024e-001 -7.9701956e-001
 -5.7700158e-001 -7.7642140e-001
 -5.7254163e-001 -7.9489207e-001
 -5.7246702e-001 -8.2209435e-001
 -5.8016413e-001 -8.2700058e-001
 -5.8374885e-001 -8.1219814e-001
 -5.8064723e-001 -8.1836121e-001
 -5.7688919e-001 -8.5393994e-001
 -5.8966732e-001 -8.6331114e-001
 -5.6903806e-001 -8.5393402e-001
 -5.6886164e-001 -8.4906336e-001
 -5.8478458e-001 -8.6126759e-001
 -5.7750155e-001 -8.6415866e-001
 -5.7830396e-001 -8.4564239e-001
 -5.8419573e-001 -8.7150919e-001
 -5.7255803e-001 -8.4617790e-001
 -5.7104339e-001 -8.7773767e-001
 -5.9224315e-001 -8.5077759e-001
 -5.7716693e-001 -8.9067193e-001
 -5.7080349e-001 -8.5381913e-001
 -5.7700950e-001 -8.8790724e-001
 -5.8528380e-001 -8.9459958e-001
 -5.7462302e-001 -8.6176283e-001
 -5.9101993e-001 -8.7821794e-001
 -5.8384411e-001 -8.7315558e-001
 -5.8732302e-001 -8.5554065e-001
 -5.6996491e-001 -8.6455381e-001
 -5.8751630e-001 -8.4877817e-001
 -5.7133951e-001 -8.5051130e-001
 -5.8525503e-001 -8.9881968e-001
 -5.8117574e-001 -8.7715739e-001
 -5.7972533e-001 -8.7825958e-001
 -5.8072182e-001 -8.5592940e-001
  7.9847669e-001 -8.5244923e-001
  8.1242788e-001 -8.6799022e-001
  8.0069809e-001 -8.1960321e-001
  8.0094280e-001 -7.1180193e-001
  8.0179172e-001 -5.7737544e-001
  8.0035804e-001 -4.4095732e-001
  8.1592352e-001 -2.8388067e-001
  7.9987581e-001 -1.4122192e-001
  7.9410456e-001  3.5458739e-002
  8.1026597e-001  2.2034077e-001
  8.1568392e-001  3.7738159e-001
  8.0915460e-001  5.4000068e-001
  8.0882990e-001  6.7526822e-001
  8.1690130e-001  7.9215910e-001
  7.9854825e-001  9.4675189e-001
  8.1222917e-001  1.0556333e+000
  8.0724203e-001  1.1384086e+000
  8.1732782e-001  1.2477390e+000
  8.0100670e-001  1.3623921e+000
  8.1094659e-001  1.4765861e+000
  8.1542455e-001  1.5207180e+000
  8.0123357e-001  1.6162237e+000
  8.0682986e-001  1.6999341e+000
  8.0238411e-001  1.7255898e+000
  8.0406525e-001  1.8137287e+000
  8.1724662e-001  1.8507698e+000
  8.0224651e-001  1.8965474e+000
  7.9802702e-001  1.9355668e+000
  8.1583769e-001  1.9455194e+000
  8.0363459e-001  1.9904332e+000
  8.1280437e-001  2.0097010e+000
  8.1396729e-001  2.0432479e+000
  8.1010822e-001  2.1025867e+000
  8.0182243e-001  2.1277950e+000
  8.0777366e-001  2.1361881e+000
  8.0016066e-001  2.1412977e+000
  8.1502632e-001  2.1597578e+000
  8.0472238e-001  2.1480119e+000
  8.0004970e-001  2.1530898e+000
  8.1635038e-001  2.1616146e+000
  8.0919966e-001  2.1995456e+000
  7.9491422e-001  2.2062215e+000
  8.0394853e-001  2.1920384e+000
  8.0537395e-001  2.2135944e+000
  8.0716143e-001  2.2208055e+000
  8.0915938e-001  2.2226649e+000
  8.0207300e-001  2.2512894e+000
  7.9795340e-001  2.2243164e+000
  8.1113036e-001  2.2620590e+000
  8.0647454e-001  2.2232397e+000
  8.1790810e-001  2.2753056e+000
  7.9787980e-001  2.2443600e+000
  7.9441203e-001  2.2224562e+000
  8.1794797e-001  2.2283469e+000
  8.0779225e-001  2.2445846e+000
  8.0061222e-001  2.2291904e+000
  8.0932115e-001  2.2700578e+000
  8.0754987e-001  2.2749996e+000
  7.9775708e-001  2.2584015e+000
  8.0197162e-001  2.2608590e+000
  8.0153858e-001  2.2411482e+000
  7.9724394e-001  2.2448970e+000
  8.0709811e-001  2.2493806e+000
  8.0215339e-001  2.2940483e+000
  7.9996075e-001  2.2698766e+000
  7.9750887e-001  2.2588580e+000
  8.1016816e-001  2.2920573e+000
  8.1788250e-001  2.2573879e+000
  8.0257367e-001  2.2605641e+000
  1.0847749e-002  2.2663259e+000
  1.5632852e-003  2.2913048e+000
 -2.1283487e-003  2.2275859e+000
  1.1433227e-002  2.1702211e+000
  8.7757031e-003  2.0917711e+000
  2.4976886e-003  1.9760454e+000
  5.8339828e-004  1.8330484e+000
  2.2815258e-003  1.7472174e+000
 -4.9520524e-003  1.6049614e+000
  4.4417921e-003  1.4985762e+000
  2.5383410e-003  1.3792558e+000
  4.5719511e-003  1.2574267e+000
  7.3749957e-003  1.1739547e+000
 -6.4889154e-003  1.0391328e+000
  8.5075908e-003  9.5204583e-001
  4.7178889e-003  8.9818014e-001
  8.8593073e-003  7.8848673e-001
  3.9548954e-003  7.4714521e-001
  1.4559358e-002  6.5948540e-001
 -2.8534034e-003  6.1824423e-001
  1.3046057e-003  5.3569621e-001
 -1.6126888e-003  4.6226192e-001
  8.5407149e-003  4.3917914e-001
 -5.0072918e-003  4.0909795e-001
  1.3390924e-002  3.5217834e-001
  9.0182048e-003  3.3769396e-001
 -1.7651833e-003  2.8463132e-001
 -2.9462615e-003  2.7107321e-001
  5.9300349e-003  2.1834582e-001
 -7.2737709e-005  2.2165005e-001
 -2.9439129e-004  1.6023836e-001
  1.0558796e-002  1.3841223e-001
 -6.3543931e-004  1.3471694e-001
  5.2981175e-003  1.0619977e-001
  2.0829205e-003  1.3366141e-001
  3.7723957e-003  1.0725722e-001
  8.4929220e-003  1.1902416e-001
  1.8598914e-003  1.0692540e-001
  4.0634566e-003  6.0500227e-002
 -4.0366006e-003  9.4175607e-002
 -3.5699231e-004  8.9773419e-002
 -2.7791655e-003  7.0135828e-002
  6.4265003e-003  3.6996289e-002
 -8.4920699e-003  2.2563397e-002
 -3.9079010e-004  5.0059201e-002
 -2.3640239e-003  5.4228534e-002
 -9.1417338e-004  8.1557335e-003
  2.2475892e-003  5.2134385e-002
  8.5381091e-003  3.3848596e-002
 -1.6119225e-003  1.7629421e-002
 -2.9602978e-003  2.4937363e-002
 -2.2102790e-004  4.8449790e-002
  7.1342632e-004  5.2162283e-002
  9.8684038e-004  2.0938977e-003
  5.8413493e-003  3.3831621e-002
  1.2558829e-002  3.4550154e-002
 -1.9762372e-003  3.0266774e-002
 -2.5744411e-003  4.4979275e-002
  8.3839344e-003  1.4794793e-002
  1.0740153e-002  3.6463787e-002
  1.2494894e-002 -6.9784223e-003
 -4.6978040e-003  4.3313563e-002
 -1.3925919e-003  1.9616835e-002
  7.7947923e-004  4.1969608e-002
 -5.3769269e-003 -1.2706309e-002
 -8.7904018e-003  2.1198295e-003
 -5.6377772e-003  5.4612817e-003
 -3.3986006e-004  3.8336271e-002
 -4.8346819e-003  1.9843128e-003
 -8.2937263e-001  1.1660022e-002
 -8.0953453e-001  2.3053794e-003
 -8.1333489e-001 -3.4128011e-003
 -8.2816803e-001 -2.6193978e-002
 -8.1618888e-001 -2.3248994e-002
 -8.2553261e-001 -3.2763589e-002
 -8.2982214e-001 -5.4113612e-002
 -8.3102657e-001 -4.9850125e-002
 -8.1380009e-001 -1.1222495e-001
 -8.1907383e-001 -1.2690458e-001
 -8.1396748e-001 -1.1941152e-001
 -8.0865364e-001 -1.0847901e-001
 -8.1046451e-001 -1.4598015e-001
 -8.1519905e-001 -1.9151117e-001
 -8.1765214e-001 -1.7976569e-001
 -8.2405434e-001 -1.8722915e-001
 -8.2443837e-001 -2.1516916e-001
 -8.2579036e-001 -2.0380884e-001
 -8.2238548e-001 -2.3072200e-001
 -8.2897761e-001 -2.2556530e-001
 -8.1351702e-001 -2.3123771e-001
 -8.1452149e-001 -2.6671954e-001
 -8.2277795e-001 -2.5935285e-001
 -8.1984050e-001 -2.6101587e-001
 -8.1034488e-001 -2.6350827e-001
 -8.0912885e-001 -2.5685306e-001
 -8.1414745e-001 -2.6533154e-001
 -8.2513640e-001 -3.1350844e-001
 -8.3043385e-001 -3.0222138e-001
 -8.0938182e-001 -2.8877523e-001
 -8.1478474e-001 -2.9754289e-001
 -8.3096336e-001 -3.1265871e-001
 -8.2698255e-001 -2.8236223e-001
 -8.2058483e-001 -3.1134906e-001
 -8.2468877e-001 -3.1317800e-001
 -8.1462440e-001 -3.2070029e-001
 -8.1023517e-001 -2.8783369e-001
 -8.2127741e-001 -3.1369113e-001
 -8.2475190e-001 -3.1185763e-001
 -8.1813139e-001 -3.4297643e-001
 -8.2168137e-001 -2.9511001e-001
 -8.1905298e-001 -2.8739161e-001
 -8.1450035e-001 -3.0413554e-001
 -8.2645721e-001 -3.4315355e-001
 -8.1879066e-001 -3.1589634e-001
 -8.2839435e-001 -3.3174097e-001
 -8.1425192e-001 -3.2358548e-001
 -8.1749289e-001 -3.1800708e-001
 -8.2547922e-001 -2.9735031e-001
 -8.0971397e-001 -3.4068814e-001
 -8.1974399e-001 -3.1949766e-001
 -8.2351476e-001 -3.0562855e-001
 -8.3081751e-001 -3.2919839e-001
 -8.1798847e-001 -2.9384314e-001
 -8.1413568e-001 -3.3935536e-001
 -8.2840004e-001 -2.9302194e-001
 -8.2528618e-001 -3.3001258e-001
 -8.2547671e-001 -3.2514897e-001
 -8.2125687e-001 -3.3179107e-001
 -8.2175139e-001 -3.1173735e-001
 -8.2424758e-001 -3.3894764e-001
 -8.1640907e-001 -3.2584776e-001
 -8.1874667e-001 -3.4011669e-001
 -8.2503703e-001 -3.4854198e-001
 -8.1339868e-001 -3.2841367e-001
 -8.2134039e-001 -3.1652380e-001
 -8.1953540e-001 -2.9994318e-001
 -8.0952195e-001 -3.2546176e-001
 -8.3094358e-001 -3.1800631e-001
 -2.2125848e-001 -2.9728043e-001
 -2.1033803e-001 -3.0998579e-001
 -2.1989096e-001 -3.2376386e-001
 -2.0284317e-001 -3.1698003e-001
 -2.1372007e-001 -3.4203879e-001
 -2.1117491e-001 -3.4510569e-001
 -2.1921092e-001 -3.7969014e-001
 -2.0598166e-001 -4.2351381e-001
 -2.2030664e-001 -4.3674471e-001
 -2.0840230e-001 -4.2382787e-001
 -2.1201318e-001 -4.4283376e-001
 -2.1806956e-001 -4.4000678e-001
 -2.0967775e-001 -4.9794373e-001
 -2.0899454e-001 -5.0447515e-001
 -2.1238136e-001 -4.8590506e-001
 -2.1449350e-001 -5.4304610e-001
 -2.1496627e-001 -5.1863992e-001
 -2.0043260e-001 -5.4126342e-001
 -2.1097835e-001 -5.7778462e-001
 -2.0999059e-001 -5.7467778e-001
 -2.0575924e-001 -5.5550933e-001
 -2.1205028e-001 -5.7164942e-001
 -2.2027578e-001 -5.6269528e-001
 -2.0085840e-001 -6.2118169e-001
 -2.1478561e-001 -5.9887273e-001
 -2.0176854e-001 -5.7768204e-001
 -2.0894512e-001 -6.1161643e-001
 -2.0314424e-001 -6.2672681e-001
 -2.0016206e-001 -6.2315737e-001
 -2.1379279e-001 -6.1282678e-001
 -2.1152287e-001 -6.1488715e-001
 -1.9837926e-001 -6.2906473e-001
 -2.2023447e-001 -6.1509915e-001
 -1.9894704e-001 -6.3547811e-001
 -2.2092798e-001 -6.6034398e-001
 -1.9848744e-001 -6.4160821e-001
 -2.0907686e-001 -6.5594580e-001
 -2.0263369e-001 -6.3359979e-001
 -2.0614095e-001 -6.2301218e-001
 -2.1674295e-001 -6.5349813e-001
 -2.1592722e-001 -6.7193807e-001
 -2.2194831e-001 -6.6175554e-001
 -2.0255960e-001 -6.7059919e-001
 -2.1997847e-001 -6.3057462e-001
 -2.2096795e-001 -6.5258873e-001
 -2.1538136e-001 -6.5010916e-001
 -2.1530176e-001 -6.3272532e-001
 -2.0376774e-001 -6.6116903e-001
 -2.1879666e-001 -6.5662688e-001
 -2.0484490e-001 -6.5305859e-001
 -1.9844150e-001 -6.2409377e-001
 -2.1558615e-001 -6.2905375e-001
 -2.1347668e-001 -6.5681281e-001
 -2.0504809e-001 -6.7582199e-001
 -2.1263959e-001 -6.6514582e-001
 -2.1388591e-001 -6.5334431e-001
 -2.1314064e-001 -6.7081165e-001
 -2.0893250e-001 -6.5505097e-001
 -2.1437916e-001 -6.6882613e-001
 -2.1310233e-001 -6.6742297e-001
 -2.0536883e-001 -6.2740097e-001
 -2.0159219e-001 -6.2064845e-001
 -2.1902475e-001 -6.3242501e-001
 -2.1333798e-001 -6.4948123e-001
 -2.1655871e-001 -6.5538034e-001
 -2.1901771e-001 -6.3814718e-001
 -2.2013285e-001 -6.5508962e-001
 -2.1801526e-001 -6.3138731e-001
 -2.1684089e-001 -6.6612177e-001
  9.4264229e-001 -6.5816437e-001
  9.5472951e-001 -6.3449384e-001
  9.4555587e-001 -6.0496204e-001
  9.5049454e-001 -5.3839005e-001
  9.3935833e-001 -4.4338665e-001
  9.4627650e-001 -3.5776291e-001
  9.5985308e-001 -2.1162407e-001
  9.6202911e-001 -8.8033903e-002
  9.4321246e-001  2.5735022e-002
  9.4386511e-001  1.5214282e-001
  9.4682238e-001  2.8634608e-001
  9.4424820e-001  3.8946863e-001
  9.5085876e-001  5.0293989e-001
  9.4873722e-001  6.1607224e-001
  9.6047366e-001  7.0859202e-001
  9.5939768e-001  7.8012795e-001
  9.5164143e-001  8.8370318e-001
  9.5695802e-001  9.6632679e-001
  9.4809233e-001  1.0729652e+000
  9.5946743e-001  1.1006615e+000
  9.6022135e-001  1.1543116e+000
  9.5126630e-001  1.2156957e+000
  9.6228411e-001  1.2544446e+000
  9.5206149e-001  1.3380849e+000
  9.5909703e-001  1.3759279e+000
  9.5517235e-001  1.3871747e+000
  9.4925398e-001  1.4530986e+000
  9.3968503e-001  1.4674229e+000
  9.5274036e-001  1.5166847e+000
  9.4444515e-001  1.5207788e+000
  9.4031291e-001  1.5590073e+000
  9.4330216e-001  1.5914931e+000
  9.5048575e-001  1.5992153e+000
  9.5625047e-001  1.6252650e+000
  9.4114904e-001  1.5916098e+000
  9.5516896e-001  1.6066178e+000
  9.5719335e-001  1.6571526e+000
  9.4793417e-001  1.6508368e+000
  9.5945419e-001  1.6303822e+000
  9.4480033e-001  1.6785724e+000
  9.4805350e-001  1.6862601e+000
  9.4516685e-001  1.7058349e+000
  9.6096202e-001  1.6872847e+000
  9.5811052e-001  1.6957571e+000
  9.6074661e-001  1.7034410e+000
  9.4759216e-001  1.6681402e+000
  9.4241874e-001  1.6792322e+000
  9.4496832e-001  1.7055695e+000
  9.5630805e-001  1.7182098e+000
  9.5829608e-001  1.6793245e+000
  9.4101717e-001  1.6896846e+000
  9.4529104e-001  1.7110971e+000
  9.4093503e-001  1.7293165e+000
  9.4895001e-001  1.7075778e+000
  9.4746268e-001  1.7273400e+000
  9.4018696e-001  1.7010341e+000
  9.4649955e-001  1.7010763e+000
  9.4349122e-001  1.7002640e+000
  9.5514028e-001  1.7359468e+000
  9.5381604e-001  1.7161874e+000
  9.4373502e-001  1.7077504e+000
  9.5618779e-001  1.7249067e+000
  9.5907434e-001  1.6998534e+000
  9.3991336e-001  1.7190434e+000
  9.5043401e-001  1.7485350e+000
  9.4696233e-001  1.7366691e+000
  9.6091633e-001  1.6988339e+000
  9.4545698e-001  1.7536526e+000
  9.4820543e-001  1.7300711e+000
  6.4008317e-001  1.7023573e+000
  6.2463211e-001  1.7519817e+000
  6.4207176e-001  1.7608315e+000
  6.2134981e-001  1.7787916e+000
  6.1977333e-001  1.7777918e+000
  6.4088315e-001  1.7868180e+000
  6.2083435e-001  1.8332828e+000
  6.3311733e-001  1.8368328e+000
  6.2440199e-001  1.9131619e+000
  6.2005057e-001  1.9271054e+000
  6.4031195e-001  1.9444675e+000
  6.3526513e-001  1.9596991e+000
  6.2654922e-001  1.9768727e+000
  6.3403723e-001  2.0493827e+000
  6.4103488e-001  2.0619260e+000
  6.1952698e-001  2.1026655e+000
  6.2041535e-001  2.0941635e+000
  6.3586209e-001  2.1220913e+000
  6.2993857e-001  2.1386377e+000
  6.4015259e-001  2.1653429e+000
  6.3573756e-001  2.1622202e+000
  6.2885684e-001  2.1696838e+000
  6.3896656e-001  2.1998081e+000
  6.2529354e-001  2.2228661e+000
  6.1998951e-001  2.1844926e+000
  6.3213426e-001  2.2302847e+000
  6.2382430e-001  2.2501471e+000
  6.3870154e-001  2.2030201e+000
  6.3014219e-001  2.2623412e+000
  6.2488119e-001  2.2286876e+000
  6.3609223e-001  2.2504509e+000
  6.2973625e-001  2.2408992e+000
  6.3276877e-001  2.2483781e+000
  6.3876232e-001  2.2463650e+000
  6.4106783e-001  2.2426903e+000
  6.1978847e-001  2.2509859e+000
  6.3835832e-001  2.2605485e+000
  6.2640839e-001  2.2920391e+000
  6.3585406e-001  2.2525105e+000
  6.2228311e-001  2.2751359e+000
  6.2449107e-001  2.2806929e+000
  6.3031698e-001  2.2734507e+000
  6.4088669e-001  2.2613482e+000
  6.3761823e-001  2.2589175e+000
  6.2974103e-001  2.2796859e+000
  6.3043828e-001  2.2562060e+000
  6.2757353e-001  2.2626912e+000
  6.2205463e-001  2.3046000e+000
  6.3737517e-001  2.2854829e+000
  6.3349818e-001  2.2607964e+000
  6.4082827e-001  2.3163627e+000
  6.3646765e-001  2.2983497e+000
  6.2193710e-001  2.2581086e+000
  6.4194083e-001  2.3152472e+000
  6.4231716e-001  2.2607244e+000
  6.4073206e-001  2.2965821e+000
  6.3839056e-001  2.2916038e+000
 -8.9082322e-001  2.3037727e+000
