 -1.1491513e-002 -2.8349135e-003
  3.1455233e-003  9.8402112e-003
 -3.8894793e-003 -1.9732059e-003
 -1.1051951e-002  2.8910298e-002
 -6.3578292e-003 -1.7965930e-002
 -7.8964052e-003 -2.2334506e-002
  5.5414568e-003 -2.7913855e-002
 -1.8522713e-004  2.9067283e-002
  6.4883292e-003  1.7594096e-002
 -9.0141755e-003  6.7658261e-003
 -9.2381601e-001  2.0030948e-003
 -9.2604190e-001 -1.3496752e-002
 -9.0703307e-001  1.5992825e-002
 -9.2116370e-001 -8.2999841e-003
 -9.2387453e-001 -1.2121499e-002
 -9.0772119e-001 -1.7826554e-002
 -9.2108452e-001 -1.3919430e-002
 -9.1484311e-001  3.6455953e-002
 -9.2233238e-001  9.9406245e-003
 -9.1104582e-001  1.1282946e-002
 -9.1270387e-001 -8.1434199e-003
 -9.2688884e-001  9.7542805e-003
 -9.2284465e-001 -1.3127875e-002
 -9.0988787e-001 -1.2353972e-002
 -9.2486588e-001 -9.0839832e-003
 -9.1750377e-001  3.1327870e-003
 -9.2605408e-001  4.5903753e-002
 -9.0387366e-001  2.6767684e-002
 -9.0727829e-001  2.3019806e-002
 -9.2346606e-001  1.8048665e-002
 -9.2024136e-001  6.9602861e-003
 -9.2541183e-001  3.7631170e-002
 -9.0424630e-001  5.0132315e-002
 -9.0922313e-001  3.1283101e-002
 -9.0420570e-001  2.4671079e-002
 -9.2299028e-001  3.2364376e-002
 -9.2645279e-001  4.5627476e-002
 -9.1878454e-001  4.8972728e-002
 -9.2409026e-001  4.0826032e-002
 -9.2467296e-001  2.7657277e-003
 -9.0733340e-001  2.2000573e-002
 -9.2289435e-001  1.3494645e-002
 -9.0549495e-001  6.7408434e-003
 -9.1138292e-001  3.6488573e-002
 -9.1454529e-001  7.3795699e-003
 -9.2319125e-001  3.9810300e-002
 -9.0685417e-001  4.5788396e-003
 -9.0484515e-001  4.4394086e-002
 -9.0721498e-001  1.6379274e-002
 -9.1578727e-001  3.6512665e-003
 -9.1604369e-001  2.6662453e-003
 -9.0881086e-001  1.5451816e-002
 -9.0790821e-001  3.5613234e-002
 -9.0493389e-001  3.7091573e-002
 -9.2501400e-001  3.1664009e-002
 -9.1612400e-001  5.3420936e-003
 -9.1943710e-001  4.3785220e-002
 -9.1130742e-001  4.5286093e-002
 -9.1543287e-001  1.2487657e-002
 -9.1329295e-001  2.5997083e-002
 -9.1252930e-001  4.3282072e-002
 -9.0550900e-001  6.4967927e-003
 -9.0747306e-001  1.8840578e-002
 -9.0566082e-001  1.6563709e-002
 -9.0346494e-001  2.0263591e-002
 -9.0983075e-001  1.7132479e-002
 -9.0332764e-001  5.0242169e-002
 -9.1868842e-001  2.2624659e-002
 -9.2144077e-001  9.0596105e-003
 -9.2530096e-001  1.2191413e-002
 -9.2315719e-001  4.2614429e-002
 -9.0626603e-001  1.7899704e-002
 -9.1622981e-001  1.0548237e-002
 -9.1986248e-001  3.8798339e-002
 -9.2703201e-001  3.0517111e-002
 -9.2552804e-001  2.1143313e-002
 -9.2344522e-001  4.7861913e-003
 -9.0860554e-001  4.3624354e-002
 -9.1709225e-001  5.8295729e-002
 -2.6560367e-001  5.4400730e-002
 -2.6303925e-001  5.5087786e-003
 -2.4745194e-001  3.1437486e-002
 -2.6355211e-001 -1.3276394e-002
 -2.4489481e-001 -6.6925667e-002
 -2.6575014e-001 -8.5215423e-002
 -2.6635843e-001 -1.3995321e-001
 -2.6533606e-001 -1.3633762e-001
 -2.6092197e-001 -2.1472644e-001
 -2.6526178e-001 -2.5055192e-001
 -2.5355450e-001 -3.0031807e-001
 -2.6354079e-001 -3.0771452e-001
 -2.5573781e-001 -3.3886609e-001
 -2.4925342e-001 -3.9044348e-001
 -2.4991044e-001 -4.0472853e-001
 -2.4486783e-001 -4.3825745e-001
 -2.5854075e-001 -4.6875589e-001
 -2.5837836e-001 -5.0967682e-001
 -2.5556202e-001 -5.1135059e-001
 -2.6561778e-001 -5.2426412e-001
 -2.4523095e-001 -5.6380229e-001
 -2.4931999e-001 -5.9678444e-001
 -2.5325470e-001 -6.1877514e-001
 -2.6339822e-001 -6.1315762e-001
 -2.5557060e-001 -6.2180727e-001
 -2.5090095e-001 -6.3404566e-001
 -2.6466930e-001 -6.7348467e-001
 -2.5046564e-001 -6.6463034e-001
 -2.6292008e-001 -6.7993133e-001
 -2.4548867e-001 -7.0408068e-001
 -2.4808818e-001 -6.7715446e-001
 -2.5939903e-001 -7.1738754e-001
 -2.4679160e-001 -6.7641278e-001
 -2.5227127e-001 -6.8979002e-001
 -2.5712467e-001 -6.8481441e-001
 -2.6020943e-001 -6.9569643e-001
 -2.5329310e-001 -6.9887366e-001
 -2.5039862e-001 -7.2114389e-001
 -2.5126335e-001 -7.3482162e-001
 -2.5592414e-001 -7.4201827e-001
 -2.5796064e-001 -7.2900893e-001
 -2.6370602e-001 -7.0693378e-001
 -2.5631067e-001 -7.4701569e-001
 -2.5396770e-001 -7.5996073e-001
 -2.4511218e-001 -7.2809077e-001
 -2.4567177e-001 -7.1944518e-001
 -2.5736223e-001 -7.3025985e-001
 -2.4775507e-001 -7.5495144e-001
 -2.4546533e-001 -7.6842734e-001
 -2.4956756e-001 -7.6616685e-001
 -2.5066597e-001 -7.2209807e-001
 -2.5230900e-001 -7.2062605e-001
 -2.4855464e-001 -7.6417595e-001
 -2.6047125e-001 -7.1921026e-001
 -2.5232295e-001 -7.6493290e-001
 -2.5380498e-001 -7.2919485e-001
 -2.6521972e-001 -7.6590684e-001
 -2.5168734e-001 -7.3770341e-001
 -2.5329976e-001 -7.4777931e-001
 -2.4964240e-001 -7.5807485e-001
 -2.5669178e-001 -7.7457014e-001
 -2.5180311e-001 -7.5956321e-001
 -2.4920097e-001 -7.4395873e-001
 -2.5998841e-001 -7.3534529e-001
 -2.5494350e-001 -7.6660908e-001
 -2.5756866e-001 -7.3157378e-001
 -2.4731471e-001 -7.5031193e-001
 -2.6512491e-001 -7.3707719e-001
 -2.6484749e-001 -7.1698490e-001
 -9.2102839e-002 -7.6081434e-001
 -8.7583945e-002 -7.4122341e-001
 -9.3251525e-002 -7.5894908e-001
 -1.0025812e-001 -7.4608550e-001
 -9.8624814e-002 -7.1278328e-001
 -9.8067479e-002 -7.1527031e-001
 -8.2015508e-002 -6.4279874e-001
 -1.0393040e-001 -6.2446171e-001
 -9.6824117e-002 -6.5313713e-001
 -1.0472981e-001 -6.1528699e-001
 -9.1148833e-002 -6.0206808e-001
 -9.1688296e-002 -5.3107075e-001
 -8.6401728e-002 -5.6669782e-001
 -9.2016210e-002 -4.9784932e-001
 -9.4275225e-002 -4.7535036e-001
 -1.0246240e-001 -5.1005181e-001
 -8.6948647e-002 -4.5342194e-001
 -9.6269724e-002 -4.7325907e-001
 -8.7506520e-002 -4.4289133e-001
 -8.9846708e-002 -4.5478642e-001
 -1.0499414e-001 -4.3245081e-001
 -9.3635150e-002 -4.3051445e-001
 -9.3445971e-002 -4.1313660e-001
 -1.0316528e-001 -3.9077516e-001
 -9.0704927e-002 -3.9688501e-001
 -1.0113615e-001 -3.7159572e-001
 -1.0024485e-001 -3.8169268e-001
 -9.1754007e-002 -3.7443790e-001
 -9.1745938e-002 -3.5346421e-001
 -8.5498897e-002 -3.4229917e-001
 -8.8053263e-002 -3.4464016e-001
 -9.4096223e-002 -3.2812097e-001
 -8.7653392e-002 -3.7990779e-001
 -8.5132598e-002 -3.5347909e-001
 -1.0154428e-001 -3.6720592e-001
 -9.7797316e-002 -3.1902523e-001
 -9.8864854e-002 -3.1464070e-001
 -8.1857792e-002 -3.1128728e-001
 -1.0523609e-001 -3.2384163e-001
 -9.8703899e-002 -3.4625579e-001
 -8.3291437e-002 -3.3208149e-001
 -1.0281224e-001 -3.2994884e-001
 -8.2273115e-002 -3.2232693e-001
 -1.0370563e-001 -3.3571631e-001
 -1.0171202e-001 -3.4607700e-001
 -8.4441524e-002 -3.2675487e-001
 -9.2840761e-002 -3.5356105e-001
 -8.2069498e-002 -3.0764582e-001
 -8.2946044e-002 -3.3308420e-001
 -9.6800892e-002 -3.4857052e-001
 -8.1987314e-002 -3.1670492e-001
 -1.0336600e-001 -3.2949601e-001
 -9.3059228e-002 -3.4595920e-001
 -9.1857708e-002 -3.4244191e-001
 -9.4964232e-002 -3.3388913e-001
 -9.9894531e-002 -3.1735871e-001
 -9.8731548e-002 -3.1411621e-001
 -1.0485807e-001 -3.1464573e-001
 -8.4595949e-002 -3.4990700e-001
 -8.5557257e-002 -3.4093072e-001
 -8.7018477e-002 -3.0833319e-001
 -1.0345349e-001 -2.9682341e-001
 -9.4167690e-002 -3.1039101e-001
 -9.3092526e-002 -3.4206280e-001
 -8.3600324e-002 -3.1835346e-001
 -9.4583148e-002 -3.1978704e-001
 -9.2231311e-002 -3.3339733e-001
 -1.0409788e-001 -3.5234232e-001
 -8.9619927e-002 -3.1221595e-001
 -5.4325574e-001 -3.0301546e-001
 -5.3821748e-001 -3.1159846e-001
 -5.4993710e-001 -3.4282292e-001
 -5.5032364e-001 -3.6828865e-001
 -5.4584208e-001 -3.6041674e-001
 -5.4997250e-001 -4.2114493e-001
 -5.3890948e-001 -4.3725028e-001
 -5.4679183e-001 -4.5687588e-001
 -5.4313197e-001 -4.9710876e-001
 -5.4130949e-001 -5.3697795e-001
 -5.5009145e-001 -5.6386647e-001
 -5.3331715e-001 -5.9830126e-001
 -5.4410200e-001 -6.2387180e-001
 -5.3231727e-001 -6.2219563e-001
 -5.4973488e-001 -6.8216563e-001
 -5.5193210e-001 -7.1921136e-001
 -5.3214732e-001 -7.2810568e-001
 -5.3351176e-001 -7.5358085e-001
 -5.4018006e-001 -7.3792315e-001
 -5.5022313e-001 -7.7879895e-001
 -5.3200128e-001 -7.7382776e-001
 -5.3130207e-001 -8.1812522e-001
 -5.3192007e-001 -7.8905372e-001
 -5.5134327e-001 -8.4113756e-001
 -5.3960851e-001 -8.0093802e-001
 -5.3008953e-001 -8.1024623e-001
 -5.2893914e-001 -8.6592616e-001
 -5.4952982e-001 -8.4735486e-001
 -5.4390052e-001 -8.8404069e-001
 -5.3732410e-001 -8.5425548e-001
 -5.4897426e-001 -8.8158490e-001
 -5.3019346e-001 -9.0423828e-001
 -5.3561660e-001 -8.9155137e-001
 -5.2963190e-001 -8.9829781e-001
 -5.4949013e-001 -9.0218832e-001
 -5.4581261e-001 -9.1011257e-001
 -5.5167934e-001 -9.0114115e-001
 -5.4279666e-001 -9.1551334e-001
 -5.5161652e-001 -9.3017179e-001
 -5.3739630e-001 -8.8961232e-001
 -5.5245609e-001 -8.9998570e-001
 -5.4007767e-001 -9.1883675e-001
 -5.4738693e-001 -9.3109162e-001
 -5.4624213e-001 -9.1888382e-001
 -5.4406687e-001 -9.2004275e-001
 -5.4931593e-001 -8.8727036e-001
 -5.2871121e-001 -9.0871433e-001
 -5.4184911e-001 -9.0539222e-001
 -5.3309419e-001 -9.0944157e-001
 -5.4926693e-001 -8.8671907e-001
 -5.4364418e-001 -9.1009664e-001
 -5.2860116e-001 -9.3804840e-001
 -5.4466383e-001 -9.1699159e-001
 -5.4994107e-001 -9.3028574e-001
 -5.4055038e-001 -9.3963309e-001
 -5.3153879e-001 -9.2241286e-001
 -5.2901096e-001 -8.9312498e-001
 -5.4597494e-001 -9.1097438e-001
 -5.2974618e-001 -9.2154892e-001
 -5.4744121e-001 -9.0881510e-001
 -5.4639307e-001 -9.4084938e-001
 -5.4050161e-001 -9.2204816e-001
 -5.3630005e-001 -9.1412968e-001
 -5.3341411e-001 -8.9735982e-001
 -5.3454882e-001 -9.4080086e-001
 -5.4137455e-001 -8.9284237e-001
 -5.4515851e-001 -8.9737245e-001
 -5.3762478e-001 -8.9904748e-001
 -5.4662369e-001 -9.1071070e-001
  9.4968076e-001 -9.3883927e-001
  9.4255254e-001 -9.3479176e-001
  9.4475681e-001 -8.6052475e-001
  9.5491704e-001 -7.7035546e-001
  9.4498406e-001 -6.5624956e-001
  9.4592244e-001 -5.3101956e-001
  9.3682426e-001 -4.4061613e-001
  9.3861967e-001 -2.5843353e-001
  9.5313854e-001 -1.6296697e-001
  9.4802787e-001  4.5911337e-003
  9.3813871e-001  1.2655524e-001
  9.4125259e-001  2.6213682e-001
  9.3970515e-001  3.7628867e-001
  9.3265225e-001  5.3981900e-001
  9.3515394e-001  6.5072002e-001
  9.4952534e-001  7.2696173e-001
  9.5402080e-001  8.2511844e-001
  9.4870248e-001  9.3811417e-001
  9.4225118e-001  9.7768821e-001
  9.3762196e-001  1.0763312e+000
  9.3355260e-001  1.1206259e+000
  9.4919540e-001  1.2232583e+000
  9.3996741e-001  1.2538256e+000
  9.4485892e-001  1.3013060e+000
  9.3191735e-001  1.3364780e+000
  9.3402464e-001  1.4063256e+000
  9.3218882e-001  1.4484603e+000
  9.3422144e-001  1.5065689e+000
  9.4957460e-001  1.4857003e+000
  9.4708019e-001  1.5295255e+000
  9.3908015e-001  1.5627413e+000
  9.4587160e-001  1.5613980e+000
  9.4934808e-001  1.6217453e+000
  9.4914069e-001  1.6252554e+000
  9.4313467e-001  1.6467528e+000
  9.4159559e-001  1.6566542e+000
  9.4524093e-001  1.6685822e+000
  9.5474274e-001  1.7071417e+000
  9.5011125e-001  1.7033431e+000
  9.4471464e-001  1.6863184e+000
  9.4229906e-001  1.7023921e+000
  9.3239992e-001  1.7296790e+000
  9.3165291e-001  1.7251880e+000
  9.4694328e-001  1.7133615e+000
  9.3296954e-001  1.7021250e+000
  9.5113616e-001  1.7283566e+000
  9.3900350e-001  1.7486631e+000
  9.5022519e-001  1.7435345e+000
  9.3535844e-001  1.7528263e+000
  9.4758408e-001  1.7304141e+000
  9.5209040e-001  1.7718682e+000
  9.3323860e-001  1.7783850e+000
  9.4337187e-001  1.7603390e+000
  9.3440923e-001  1.7703693e+000
  9.3224597e-001  1.7603478e+000
  9.4772782e-001  1.7674524e+000
  9.4685493e-001  1.7554625e+000
  9.4135062e-001  1.7759643e+000
  9.4530944e-001  1.7784237e+000
  9.4270006e-001  1.7529265e+000
  9.4798584e-001  1.7513571e+000
  9.4666615e-001  1.7677900e+000
  9.5321770e-001  1.7424240e+000
  9.5054503e-001  1.7878344e+000
  9.4358650e-001  1.7866637e+000
  9.5161478e-001  1.7419223e+000
  9.4993821e-001  1.7457370e+000
  9.3491785e-001  1.7876486e+000
  9.3204749e-001  1.7795916e+000
  7.1578649e-001  1.7763398e+000
  7.2666096e-001  1.7813279e+000
  7.3850669e-001  1.8017415e+000
  7.2993795e-001  1.8106101e+000
  7.3767429e-001  1.8479460e+000
  7.2041546e-001  1.8274354e+000
  7.1622574e-001  1.8764190e+000
  7.3172910e-001  1.8990613e+000
  7.3304748e-001  1.9659541e+000
  7.2855831e-001  1.9809511e+000
  7.3610080e-001  2.0106813e+000
  7.2721155e-001  2.0169027e+000
  7.3300109e-001  2.0275897e+000
  7.2939737e-001  2.0900571e+000
  7.3179931e-001  2.0830034e+000
  7.2431529e-001  2.1368704e+000
  7.3613311e-001  2.1722421e+000
  7.2365869e-001  2.1693779e+000
  7.1685897e-001  2.1725815e+000
  7.1845580e-001  2.2126188e+000
  7.2868883e-001  2.1996484e+000
  7.1705416e-001  2.2089556e+000
  7.2427180e-001  2.2418112e+000
  7.2987854e-001  2.2276750e+000
  7.2884595e-001  2.2699059e+000
  7.2857433e-001  2.2645154e+000
  7.1556903e-001  2.2712895e+000
  7.3217874e-001  2.3175465e+000
  7.2624357e-001  2.2740488e+000
  7.3843958e-001  2.3165709e+000
  7.1715070e-001  2.2953465e+000
  7.3291593e-001  2.2857364e+000
  7.3802550e-001  2.3190675e+000
  7.3298257e-001  2.3312796e+000
  7.3211495e-001  2.3155023e+000
  7.2006297e-001  2.3061635e+000
  7.1542180e-001  2.3583297e+000
  7.3229656e-001  2.3500283e+000
  7.1994686e-001  2.3605722e+000
  7.1795263e-001  2.3353861e+000
  7.3479638e-001  2.3591160e+000
  7.3573039e-001  2.3514173e+000
  7.3419951e-001  2.3129994e+000
  7.3126323e-001  2.3420913e+000
  7.1908849e-001  2.3647492e+000
  7.2472406e-001  2.3709123e+000
  7.2580399e-001  2.3685330e+000
  7.3487280e-001  2.3522447e+000
  7.2513394e-001  2.3466103e+000
  7.2844031e-001  2.3606088e+000
  7.2375464e-001  2.3496252e+000
  7.2573133e-001  2.3532310e+000
  7.3612261e-001  2.3712253e+000
  7.3300690e-001  2.3379687e+000
  7.2335581e-001  2.3271445e+000
  7.2067178e-001  2.3355652e+000
  7.2422034e-001  2.3318512e+000
  7.3685343e-001  2.3644210e+000
  7.1718142e-001  2.3536069e+000
  7.1731322e-001  2.3218792e+000
  7.3340535e-001  2.3421582e+000
  7.1713839e-001  2.3677511e+000
  7.3248241e-001  2.3613875e+000
  7.1846604e-001  2.3640074e+000
  7.2632140e-001  2.3534166e+000
  7.2482178e-001  2.3360220e+000
  7.1690596e-001  2.3723669e+000
  7.3146190e-001  2.3777892e+000
  7.1703069e-001  2.3342010e+000
  4.3216146e-001  2.3517184e+000
  4.2679561e-001  2.3419895e+000
  4.1934459e-001  2.3192745e+000
  4.2923742e-001  2.3235221e+000
  4.2982236e-001  2.2722745e+000
  4.2667595e-001  2.2917914e+000
  4.2982072e-001  2.2614906e+000
  4.2090375e-001  2.1968274e+000
  4.2080376e-001  2.2058821e+000
  4.2148080e-001  2.1624340e+000
  4.3720652e-001  2.1025005e+000
  4.2870676e-001  2.1048508e+000
  4.2142928e-001  2.0606533e+000
  4.2443692e-001  2.0035059e+000
  4.1746363e-001  2.0002589e+000
  4.1791318e-001  1.9905169e+000
  4.2260383e-001  1.9501592e+000
  4.2973922e-001  1.9468515e+000
  4.1660316e-001  1.9147780e+000
  4.2643264e-001  1.8906140e+000
  4.3135892e-001  1.8645566e+000
  4.3572378e-001  1.8629242e+000
  4.3301671e-001  1.8533894e+000
  4.2511427e-001  1.8562891e+000
  4.3071359e-001  1.8715593e+000
  4.3366002e-001  1.8132615e+000
  4.2221016e-001  1.8524425e+000
  4.2368075e-001  1.8315580e+000
  4.3580874e-001  1.8330023e+000
  4.3303151e-001  1.7955376e+000
  4.2739585e-001  1.8239425e+000
  4.3582601e-001  1.8048234e+000
  4.1571734e-001  1.7730765e+000
  4.3071342e-001  1.7631288e+000
  4.1693998e-001  1.7663605e+000
  4.3108775e-001  1.7912553e+000
  4.3275846e-001  1.7934151e+000
  4.2494737e-001  1.8012140e+000
  4.2703044e-001  1.7425633e+000
  4.2119470e-001  1.7873339e+000
  4.1899666e-001  1.7726712e+000
  4.3886495e-001  1.7708213e+000
  4.2468209e-001  1.7876731e+000
  4.2697927e-001  1.7380520e+000
  4.2303108e-001  1.7509110e+000
  4.2533793e-001  1.7321328e+000
  4.2630328e-001  1.7808763e+000
  4.2913578e-001  1.7475081e+000
  4.2207982e-001  1.7287332e+000
  4.3478443e-001  1.7868986e+000
  4.3085912e-001  1.7581666e+000
  4.3698235e-001  1.7319145e+000
  4.2298751e-001  1.7437153e+000
  4.3359226e-001  1.7766283e+000
  4.1712678e-001  1.7310815e+000
  4.3191682e-001  1.7290138e+000
  4.2470422e-001  1.7676526e+000
  4.3262780e-001  1.7822214e+000
  4.2445543e-001  1.7762824e+000
  4.1966169e-001  1.7297553e+000
  4.2160962e-001  1.7538689e+000
  4.3387061e-001  1.7564516e+000
  4.3032757e-001  1.7540555e+000
  4.3193496e-001  1.7433951e+000
  4.3868490e-001  1.7484613e+000
  4.3768079e-001  1.7398356e+000
  4.2858935e-001  1.7805170e+000
  4.2211655e-001  1.7324308e+000
  4.2390611e-001  1.7293341e+000
 -1.2181811e-001  1.7378360e+000
 -1.2568701e-001  1.7346457e+000
 -1.3207968e-001  1.6863277e+000
 -1.2663189e-001  1.6485344e+000
 -1.3039084e-001  1.5899306e+000
 -1.2859281e-001  1.4753352e+000
 -1.1841136e-001  1.3272962e+000
 -1.3079134e-001  1.2120485e+000
 -1.1034061e-001  1.1457992e+000
 -1.1476818e-001  1.0377087e+000
 -1.1099083e-001  9.2588481e-001
 -1.1779974e-001  7.9632054e-001
 -1.2298998e-001  7.0635975e-001
 -1.2479466e-001  6.2212377e-001
 -1.1885070e-001  4.9383685e-001
 -1.2860859e-001  4.4296708e-001
 -1.2039844e-001  3.3567250e-001
 -1.1358097e-001  2.9416276e-001
 -1.2685597e-001  2.2483587e-001
 -1.2227702e-001  1.2742493e-001
 -1.2299506e-001  8.0609025e-002
 -1.2033794e-001  2.4593678e-002
 -1.1533362e-001  1.2424332e-003
 -1.2926584e-001 -3.1084407e-002
 -1.1550374e-001 -7.1816495e-002
 -1.1043234e-001 -1.4674815e-001
 -1.0989097e-001 -1.2778186e-001
 -1.1921020e-001 -1.4948480e-001
 -1.3183127e-001 -2.1580345e-001
 -1.2782418e-001 -2.3129980e-001
 -1.1854944e-001 -2.7291731e-001
 -1.1683429e-001 -2.5677136e-001
 -1.1250853e-001 -2.5357541e-001
 -1.1194642e-001 -2.7262760e-001
 -1.3096321e-001 -2.7673334e-001
 -1.1439444e-001 -2.9540068e-001
 -1.2691889e-001 -3.5630610e-001
 -1.2430000e-001 -3.2479878e-001
 -1.2871836e-001 -3.3014332e-001
 -1.2910363e-001 -3.4524794e-001
 -1.0962749e-001 -3.6167654e-001
 -1.1050768e-001 -3.3673595e-001
 -1.2972690e-001 -3.6766926e-001
 -1.2844492e-001 -3.7501158e-001
 -1.1225063e-001 -3.5865855e-001
 -1.2674067e-001 -4.0591119e-001
 -1.2076278e-001 -3.8414510e-001
 -1.2891471e-001 -3.6733002e-001
 -1.1154814e-001 -3.6372252e-001
 -1.1708788e-001 -3.9254534e-001
 -1.1976435e-001 -3.9348448e-001
 -1.2304197e-001 -3.8055579e-001
 -1.1086355e-001 -3.7318030e-001
 -1.1556732e-001 -3.8480318e-001
 -1.1723518e-001 -3.9039371e-001
 -1.2256644e-001 -3.8262656e-001
 -1.3106757e-001 -3.9590842e-001
 -1.3223828e-001 -4.2571979e-001
 -1.2208922e-001 -3.9830212e-001
 -1.1483263e-001 -3.9212276e-001
 -1.1788842e-001 -4.0549093e-001
 -1.2889851e-001 -4.2393809e-001
 -1.1963408e-001 -4.0514026e-001
 -1.2303856e-001 -3.8887790e-001
 -1.1905910e-001 -3.9136506e-001
 -1.2709282e-001 -3.9282161e-001
 -1.1311504e-001 -3.8635893e-001
 -1.1597612e-001 -4.2850976e-001
 -1.2321249e-001 -4.0266809e-001
  1.5383285e-001 -3.8659810e-001
  1.6388910e-001 -4.3532778e-001
  1.5654683e-001 -3.8910899e-001
  1.6417505e-001 -3.4102949e-001
  1.4714195e-001 -3.1154285e-001
  1.5058767e-001 -2.6170859e-001
  1.6460420e-001 -2.1407107e-001
  1.6506540e-001 -1.8453071e-001
  1.4721142e-001 -8.3563863e-002
  1.5150752e-001 -2.9098222e-002
  1.4681699e-001  1.6130907e-002
  1.6145852e-001  3.0988725e-002
  1.4830877e-001  9.5350039e-002
  1.6049589e-001  1.5424282e-001
  1.4727921e-001  2.0006129e-001
  1.6249596e-001  2.2623612e-001
  1.5923783e-001  2.8974579e-001
  1.5884315e-001  3.3014482e-001
  1.5721917e-001  3.0852310e-001
  1.4676237e-001  3.8348356e-001
  1.4879601e-001  4.2229923e-001
  1.6836180e-001  4.1038739e-001
  1.6134457e-001  4.5147839e-001
  1.6255304e-001  4.9112317e-001
  1.5072578e-001  4.7077070e-001
  1.5941479e-001  4.7094446e-001
  1.6271101e-001  5.3573779e-001
  1.6417099e-001  5.3174136e-001
  1.5577364e-001  5.5868055e-001
  1.6123708e-001  5.4263960e-001
  1.5074165e-001  5.5179505e-001
  1.4657597e-001  5.8328835e-001
  1.5975697e-001  5.8090814e-001
  1.6358984e-001  5.8381342e-001
  1.4564014e-001  5.8842425e-001
  1.5997708e-001  5.8858865e-001
  1.5903516e-001  6.2569400e-001
  1.5644434e-001  6.2866233e-001
  1.6775160e-001  5.8948144e-001
  1.5569662e-001  6.2762728e-001
  1.6730884e-001  5.8935205e-001
  1.6372019e-001  6.2517511e-001
  1.4675939e-001  6.3218797e-001
  1.4770439e-001  6.1047594e-001
  1.6132838e-001  6.4765986e-001
  1.6324414e-001  5.9778107e-001
  1.6845777e-001  6.4483227e-001
  1.4871789e-001  6.5471903e-001
  1.6782364e-001  6.5484001e-001
  1.5653466e-001  6.5817645e-001
  1.5669949e-001  6.5008403e-001
  1.4980962e-001  6.6149834e-001
  1.5959754e-001  6.6064305e-001
  1.6403143e-001  6.5937096e-001
  1.5643645e-001  6.4841191e-001
  1.5953809e-001  6.4817357e-001
  1.5742183e-001  6.4163813e-001
  1.5355204e-001  6.6416565e-001
  1.5376464e-001  6.4105886e-001
  1.6665428e-001  6.1177226e-001
  1.6065883e-001  6.2670214e-001
  1.5313641e-001  6.6688586e-001
  1.6460061e-001  6.3086430e-001
  1.6629821e-001  6.4511503e-001
  1.6781178e-001  6.3115040e-001
  1.6894817e-001  6.5934416e-001
  1.5559423e-001  6.4959561e-001
  1.5542199e-001  6.5766942e-001
  1.4570798e-001  6.2685266e-001
  8.1855795e-001  6.1024529e-001
  8.0412622e-001  6.4896669e-001
  8.1851429e-001  6.7264203e-001
  8.1321860e-001  7.0457456e-001
  8.0849014e-001  8.0477393e-001
  8.1017995e-001  8.7435875e-001
  8.0707170e-001  9.3192043e-001
  8.2343829e-001  1.0520087e+000
  8.1292060e-001  1.0858729e+000
  8.0785078e-001  1.1654527e+000
  8.1720845e-001  1.3039134e+000
  8.2072509e-001  1.3837926e+000
  8.0075751e-001  1.4449849e+000
  8.0804124e-001  1.4977443e+000
  8.0076014e-001  1.5815396e+000
  8.1035433e-001  1.6198955e+000
  8.2396732e-001  1.6824695e+000
  8.0681961e-001  1.7145972e+000
  8.2245919e-001  1.8116145e+000
  8.0618330e-001  1.8515113e+000
  8.1287031e-001  1.8607866e+000
  8.0554843e-001  1.9376132e+000
  8.2266579e-001  1.9327081e+000
  8.0786321e-001  1.9892691e+000
  8.0978189e-001  1.9997149e+000
  8.1210372e-001  2.0099037e+000
  8.2247010e-001  2.0809463e+000
  8.1518106e-001  2.0785741e+000
  8.2333347e-001  2.0747718e+000
  8.1775271e-001  2.0883211e+000
  8.0625067e-001  2.1335903e+000
  8.1095420e-001  2.1438574e+000
  8.1593238e-001  2.1649844e+000
  8.2145700e-001  2.1780927e+000
  8.1248528e-001  2.1698276e+000
  8.0030073e-001  2.1874618e+000
  8.1984554e-001  2.1798531e+000
  8.1114140e-001  2.2291793e+000
  8.1136611e-001  2.2038753e+000
  8.2343334e-001  2.2143317e+000
  8.0853885e-001  2.2281610e+000
  8.2123182e-001  2.2191581e+000
  8.1149441e-001  2.2182077e+000
  8.0753863e-001  2.2074018e+000
  8.0743556e-001  2.2141055e+000
  8.1431212e-001  2.2626551e+000
  8.1632060e-001  2.2103651e+000
  8.0518855e-001  2.2600178e+000
  8.0413490e-001  2.2164881e+000
  8.1096522e-001  2.2203992e+000
  8.2298388e-001  2.2376816e+000
  8.1622217e-001  2.2560323e+000
  8.1101378e-001  2.2508192e+000
  8.1717099e-001  2.2243624e+000
  8.1909276e-001  2.2363058e+000
  8.1443053e-001  2.2361263e+000
  8.0832917e-001  2.2376967e+000
  8.2288695e-001  2.2385420e+000
  8.1884713e-001  2.2338449e+000
  8.1767922e-001  2.2783821e+000
  8.1419735e-001  2.2309677e+000
  8.0218788e-001  2.2386315e+000
  8.0543481e-001  2.2765839e+000
  8.1520214e-001  2.2747138e+000
  8.0841074e-001  2.2527844e+000
  8.0614706e-001  2.2717383e+000
  8.1584720e-001  2.2473896e+000
  8.1993651e-001  2.2405273e+000
  8.2082370e-001  2.2389594e+000
 -8.6870245e-001  2.2532043e+000
 -8.6695584e-001  2.2373823e+000
 -8.5194598e-001  2.1920427e+000
 -8.5941116e-001  2.1151839e+000
 -8.6227659e-001  2.0597970e+000
 -8.5984330e-001  1.9524860e+000
 -8.4664327e-001  1.7872888e+000
 -8.6861134e-001  1.6452193e+000
 -8.5466419e-001  1.5529623e+000
 -8.6888004e-001  1.4242371e+000
 -8.6874192e-001  1.2892178e+000
 -8.6595745e-001  1.1858833e+000
 -8.4639811e-001  1.0822512e+000
 -8.6103411e-001  9.7188665e-001
 -8.4945185e-001  8.2675199e-001
 -8.6520273e-001  7.5059068e-001
 -8.6726182e-001  6.7036632e-001
 -8.5790872e-001  5.6261985e-001
 -8.6234378e-001  5.0743783e-001
 -8.4905124e-001  4.5309567e-001
 -8.4870067e-001  3.9220716e-001
 -8.6348822e-001  2.9119930e-001
 -8.6729542e-001  2.4476263e-001
 -8.5480715e-001  2.5000642e-001
 -8.5035991e-001  2.0808505e-001
 -8.6266919e-001  1.5354931e-001
 -8.4573880e-001  8.9436488e-002
 -8.4650049e-001  7.9609941e-002
 -8.5362926e-001  3.8902860e-002
 -8.5561987e-001  2.4700328e-002
 -8.6264223e-001  2.5510570e-002
 -8.5441469e-001 -3.0835767e-002
 -8.4906637e-001 -3.5715304e-002
 -8.6628050e-001 -8.7438256e-002
 -8.4758321e-001 -7.7751181e-002
 -8.5674688e-001 -7.3145778e-002
 -8.5468419e-001 -1.2696336e-001
 -8.5070875e-001 -1.2170773e-001
 -8.4642783e-001 -1.3875120e-001
 -8.6495197e-001 -1.0924029e-001
 -8.5693261e-001 -1.5902180e-001
 -8.5690197e-001 -1.5718954e-001
 -8.5228090e-001 -1.3644351e-001
 -8.5468123e-001 -1.7203429e-001
 -8.5784827e-001 -1.3133262e-001
 -8.6867716e-001 -1.6872083e-001
 -8.5893912e-001 -1.8046494e-001
 -8.4943849e-001 -1.8027253e-001
 -8.6798891e-001 -1.8255015e-001
 -8.5238350e-001 -1.5513778e-001
 -8.6854895e-001 -1.6527844e-001
 -8.5318682e-001 -1.9025071e-001
 -8.5631185e-001 -1.9602253e-001
 -8.6887784e-001 -1.7870411e-001
 -8.6362972e-001 -2.0032252e-001
 -8.6054856e-001 -2.0794558e-001
 -8.5583115e-001 -1.9836113e-001
 -8.6811609e-001 -1.9031043e-001
 -8.5311649e-001 -2.0072590e-001
 -8.4926109e-001 -1.7046738e-001
 -8.5955795e-001 -2.0586300e-001
 -8.6836468e-001 -1.8083329e-001
 -8.6149359e-001 -1.7773403e-001
 -8.4918722e-001 -1.7110821e-001
 -8.6324042e-001 -2.0003321e-001
 -8.5766638e-001 -1.7225065e-001
 -8.6613956e-001 -1.9027565e-001
 -8.4950649e-001 -1.9294251e-001
 -8.6413736e-001 -2.1143745e-001
  3.7019482e-002 -1.9180178e-001
  5.0684319e-002 -2.0664103e-001
  4.3556591e-002 -2.0511071e-001
  5.1953347e-002 -1.6252432e-001
  3.8568160e-002 -1.5411138e-001
  3.1262342e-002 -1.5966564e-001
  5.0086746e-002 -1.1361548e-001
  3.0515465e-002 -1.1061571e-001
  3.4576228e-002 -6.7613195e-002
  4.3618498e-002 -7.8022047e-002
  4.7748232e-002 -8.1149291e-002
  3.1538739e-002 -4.9618472e-002
  4.1945477e-002 -8.8018323e-003
  3.9934610e-002 -8.1476401e-003
  3.1633721e-002  1.8473732e-002
  4.0118512e-002  3.6854693e-002
  3.9367796e-002  2.4760858e-002
  3.3587229e-002  4.4118439e-002
  4.2869077e-002  4.8292371e-002
  5.0541242e-002  8.4878196e-002
  4.2660073e-002  5.9456663e-002
  3.2420328e-002  1.1737458e-001
  3.0827625e-002  1.1558968e-001
  3.2889342e-002  8.0379918e-002
  3.5488963e-002  1.3089407e-001
  4.1366137e-002  1.4257771e-001
  4.5829638e-002  1.1464529e-001
  4.3339456e-002  1.2770075e-001
  5.2616473e-002  1.3999738e-001
  5.1858504e-002  1.2598545e-001
  3.6864432e-002  1.6260349e-001
  4.7030790e-002  1.1268166e-001
  4.5441158e-002  1.3042760e-001
  5.4201743e-002  1.4639363e-001
  3.6997839e-002  1.5211658e-001
  3.4403553e-002  1.2744140e-001
  4.5988987e-002  1.4353434e-001
  3.6706819e-002  1.6697757e-001
  4.9837580e-002  1.7246872e-001
  4.3500624e-002  1.2536475e-001
  3.9587645e-002  1.6510021e-001
  4.1535516e-002  1.3206827e-001
  3.5753589e-002  1.6568363e-001
  4.8619407e-002  1.4566372e-001
  4.1069997e-002  1.6345122e-001
  5.1274029e-002  1.5827217e-001
  4.7584318e-002  1.8188730e-001
  4.4212928e-002  1.8574582e-001
  4.5468324e-002  1.7404775e-001
  4.1192033e-002  1.7365114e-001
  5.1920853e-002  1.7898428e-001
  3.3514382e-002  1.3404532e-001
  3.9976308e-002  1.3290824e-001
  4.0943525e-002  1.8929492e-001
  3.7496670e-002  1.6041850e-001
  5.1442766e-002  1.3312419e-001
  5.4076238e-002  1.3252406e-001
  4.8976048e-002  1.5769573e-001
  3.9323311e-002  1.8330980e-001
  3.4720778e-002  1.3618129e-001
  5.1716530e-002  1.5224144e-001
  4.4350883e-002  1.7819796e-001
  4.1250574e-002  1.6003917e-001
  3.2935360e-002  1.6169730e-001
  4.1973125e-002  1.6662057e-001
  4.6024090e-002  1.7947604e-001
  3.8694165e-002  1.7279084e-001
  4.1130921e-002  1.8783295e-001
  4.0557351e-002  1.5883158e-001
  5.5706935e-001  1.6271509e-001
  5.6115847e-001  1.4695310e-001
  5.6329957e-001  2.2398866e-001
  5.5800418e-001  2.6869930e-001
  5.6163585e-001  3.4458747e-001
  5.6639761e-001  4.3107572e-001
  5.7546184e-001  5.5809726e-001
  5.7756594e-001  6.3966219e-001
  5.6690150e-001  7.4584461e-001
  5.5719959e-001  8.6613144e-001
  5.6965378e-001  9.7102277e-001
  5.7429593e-001  1.0516748e+000
  5.5856277e-001  1.1617409e+000
  5.6345913e-001  1.2371770e+000
  5.5621766e-001  1.3177705e+000
  5.7162647e-001  1.3844306e+000
  5.6831130e-001  1.4432224e+000
  5.5474286e-001  1.5480570e+000
  5.5772697e-001  1.6151446e+000
  5.5630191e-001  1.6480876e+000
  5.5638561e-001  1.6807100e+000
  5.6590894e-001  1.7749006e+000
  5.5867377e-001  1.7902845e+000
  5.5948093e-001  1.8186902e+000
  5.6515826e-001  1.8961572e+000
  5.6918404e-001  1.9000545e+000
  5.5588698e-001  1.9201164e+000
  5.7057694e-001  1.9241649e+000
  5.6791896e-001  1.9603242e+000
  5.6655570e-001  2.0136438e+000
  5.7474633e-001  2.0442192e+000
  5.5906744e-001  2.0073940e+000
  5.6806491e-001  2.0775697e+000
  5.5566280e-001  2.0728665e+000
  5.6136103e-001  2.0591252e+000
  5.5992931e-001  2.1066894e+000
  5.5731800e-001  2.1140590e+000
  5.5508310e-001  2.0747325e+000
  5.5543641e-001  2.1323778e+000
  5.5645479e-001  2.1253812e+000
  5.7665463e-001  2.1508938e+000
  5.5780510e-001  2.1376141e+000
  5.6547365e-001  2.1413602e+000
  5.6663681e-001  2.1262858e+000
  5.6633816e-001  2.1694372e+000
  5.6446785e-001  2.1579449e+000
  5.6611297e-001  2.1705983e+000
  5.5573756e-001  2.1728503e+000
  5.6258090e-001  2.1478794e+000
  5.6512253e-001  2.1500465e+000
  5.5640032e-001  2.1272748e+000
  5.5458009e-001  2.1289928e+000
  5.6931993e-001  2.1557560e+000
  5.6487122e-001  2.1602892e+000
  5.7811920e-001  2.1887151e+000
  5.7466105e-001  2.1491161e+000
  5.7135321e-001  2.1760168e+000
  5.6667276e-001  2.1448962e+000
  5.6367710e-001  2.1598216e+000
  5.6600674e-001  2.1409678e+000
  5.6473897e-001  2.1620601e+000
  5.7716583e-001  2.1481571e+000
  5.6410037e-001  2.1612178e+000
  5.6821505e-001  2.1582356e+000
  5.5582133e-001  2.1463736e+000
  5.5950023e-001  2.1811427e+000
  5.6284242e-001  2.1542052e+000
  5.5919574e-001  2.1901825e+000
  5.6021703e-001  2.1576163e+000
 -7.2570072e-002  2.1870608e+000
 -7.1505818e-002  2.1912304e+000
 -6.9526181e-002  2.1409683e+000
 -6.4988812e-002  2.0809801e+000
 -6.4964914e-002  1.9330034e+000
 -6.9542748e-002  1.8503929e+000
 -6.0974499e-002  1.6938858e+000
 -6.9882188e-002  1.6198579e+000
 -7.7810230e-002  1.4456468e+000
 -6.1149263e-002  1.3464977e+000
 -6.4867702e-002  1.2387073e+000
 -6.4508279e-002  1.0992512e+000
 -7.3300778e-002  9.6318474e-001
 -5.8529450e-002  8.7150745e-001
 -7.5283694e-002  7.6377389e-001
 -7.0426676e-002  6.8925105e-001
 -6.3780647e-002  5.9538366e-001
 -7.3626571e-002  4.9342992e-001
 -7.3719273e-002  4.1772205e-001
 -7.1902756e-002  3.9173004e-001
 -6.7364733e-002  2.9081364e-001
 -8.0220345e-002  2.5058146e-001
 -8.0811300e-002  1.9501012e-001
 -6.4454328e-002  1.3562209e-001
 -6.0807197e-002  1.0305103e-001
 -6.3150651e-002  7.1004230e-002
 -6.1444639e-002  6.3713152e-002
 -6.7152737e-002 -5.3266810e-003
 -8.1553266e-002  9.8794982e-003
 -7.0071426e-002 -6.3289230e-002
 -6.1611100e-002 -8.2534615e-002
 -7.2424022e-002 -7.8178260e-002
 -6.1719999e-002 -1.0888862e-001
 -6.5423750e-002 -1.4097453e-001
 -7.7760501e-002 -1.2477077e-001
 -5.8228101e-002 -1.6983253e-001
 -7.2280205e-002 -1.6134805e-001
 -6.5061314e-002 -1.9699240e-001
 -7.6421836e-002 -1.7410404e-001
 -7.2912034e-002 -1.9984907e-001
 -7.5339920e-002 -2.0682969e-001
 -6.8877233e-002 -1.9492293e-001
 -6.1281037e-002 -2.3240197e-001
 -8.0322146e-002 -2.2930485e-001
 -7.0005104e-002 -1.9904535e-001
 -7.9191576e-002 -1.9694295e-001
 -7.1981784e-002 -2.1930627e-001
 -6.0197409e-002 -2.3320079e-001
 -6.9450281e-002 -2.0531025e-001
 -6.1432850e-002 -2.4667185e-001
 -7.7924704e-002 -2.0614915e-001
 -6.0044850e-002 -2.6122476e-001
 -5.9429801e-002 -2.5681522e-001
 -5.8159033e-002 -2.6202471e-001
 -7.9057558e-002 -2.2506348e-001
 -7.4856652e-002 -2.6520020e-001
 -6.0611572e-002 -2.2370726e-001
 -7.9627814e-002 -2.6814036e-001
 -7.0652201e-002 -2.4512579e-001
 -7.9560006e-002 -2.5754590e-001
 -6.6293273e-002 -2.2534896e-001
 -7.3503610e-002 -2.2090843e-001
 -7.2873923e-002 -2.3564318e-001
 -5.9831415e-002 -2.4547326e-001
 -6.5983011e-002 -2.2747919e-001
 -7.1918371e-002 -2.5516166e-001
 -6.1388028e-002 -2.5520298e-001
 -5.9011860e-002 -2.7617544e-001
 -7.6437930e-002 -2.5276548e-001
 -6.2592714e-001 -2.1953222e-001
 -6.1989331e-001 -2.3953374e-001
 -6.2807260e-001 -2.4772637e-001
 -6.2656542e-001 -2.8119481e-001
 -6.3657020e-001 -2.8878285e-001
 -6.1768773e-001 -3.1869383e-001
 -6.2369535e-001 -3.5972643e-001
 -6.2049777e-001 -3.9791781e-001
 -6.3332775e-001 -4.0977295e-001
 -6.3351714e-001 -4.5276924e-001
 -6.1475468e-001 -4.8580640e-001
 -6.2773861e-001 -4.7571376e-001
 -6.2814357e-001 -5.2796340e-001
 -6.1759272e-001 -5.4539866e-001
 -6.3484394e-001 -5.9281095e-001
 -6.2204605e-001 -5.7903305e-001
 -6.2419496e-001 -6.4024193e-001
 -6.2335108e-001 -6.0818679e-001
 -6.3549602e-001 -6.6578318e-001
 -6.2795293e-001 -6.6514344e-001
 -6.1890619e-001 -6.8038185e-001
 -6.3748173e-001 -6.9863079e-001
 -6.2950527e-001 -7.3062017e-001
 -6.2851223e-001 -7.3403459e-001
 -6.3520937e-001 -7.6045761e-001
 -6.1906930e-001 -7.3385802e-001
 -6.2297736e-001 -7.2190079e-001
 -6.3353556e-001 -7.4389790e-001
 -6.2030132e-001 -7.5158282e-001
 -6.2961524e-001 -7.8009099e-001
 -6.3015715e-001 -7.4950787e-001
 -6.1639848e-001 -7.9374230e-001
 -6.3534824e-001 -7.9047384e-001
 -6.1689472e-001 -7.6299193e-001
 -6.3525406e-001 -7.9849308e-001
 -6.1513564e-001 -8.1599000e-001
 -6.2617979e-001 -8.2333925e-001
 -6.2439116e-001 -8.0139132e-001
 -6.2958122e-001 -7.9359950e-001
 -6.3512773e-001 -8.1609863e-001
 -6.1885087e-001 -8.2100855e-001
 -6.3533998e-001 -8.0951513e-001
 -6.2964490e-001 -7.9644083e-001
 -6.2889785e-001 -8.2433899e-001
 -6.2886768e-001 -7.8845041e-001
 -6.2460336e-001 -8.2240715e-001
 -6.3625781e-001 -8.2266558e-001
 -6.2843311e-001 -8.2365650e-001
 -6.3517570e-001 -7.8935328e-001
 -6.1656879e-001 -8.4137127e-001
 -6.3494390e-001 -7.9078270e-001
 -6.2872345e-001 -8.0592104e-001
 -6.2572681e-001 -8.3591151e-001
 -6.1744101e-001 -8.4073717e-001
 -6.3667023e-001 -8.0816864e-001
 -6.1560376e-001 -8.2414909e-001
 -6.2449928e-001 -8.2842549e-001
 -6.2219266e-001 -8.1736950e-001
 -6.3337503e-001 -8.1856717e-001
 -6.2453819e-001 -8.4155810e-001
 -6.2003885e-001 -7.9360613e-001
 -6.2203984e-001 -7.8941962e-001
 -6.2873628e-001 -7.9037864e-001
 -6.2938605e-001 -8.1617723e-001
 -6.2424487e-001 -8.4583914e-001
 -6.3344889e-001 -8.1940725e-001
 -6.1859135e-001 -8.1796718e-001
 -6.2759207e-001 -8.4329933e-001
 -6.2533795e-001 -8.2040315e-001
  7.4858926e-001 -8.1053289e-001
  7.4729135e-001 -8.3700394e-001
  7.5133115e-001 -7.5597537e-001
  7.4500061e-001 -6.6686270e-001
  7.5072490e-001 -5.1466002e-001
  7.4744941e-001 -4.0441630e-001
  7.5175940e-001 -2.5639949e-001
  7.6597618e-001 -8.4335355e-002
  7.6389095e-001  1.1309150e-001
  7.6213875e-001  2.8732713e-001
  7.5405241e-001  4.3352118e-001
  7.6436679e-001  5.6585226e-001
  7.6553028e-001  7.0641340e-001
  7.5229290e-001  8.6624399e-001
  7.6566556e-001  1.0173379e+000
  7.6862762e-001  1.1130519e+000
  7.4694625e-001  1.2395008e+000
  7.5707349e-001  1.3094225e+000
  7.5057003e-001  1.4066355e+000
  7.6834090e-001  1.5402773e+000
  7.6486402e-001  1.6128856e+000
  7.6801508e-001  1.6866961e+000
  7.5254150e-001  1.7466158e+000
  7.4561689e-001  1.7928366e+000
  7.5530864e-001  1.8383835e+000
  7.6391121e-001  1.9002072e+000
  7.4781147e-001  1.9297271e+000
  7.5657390e-001  2.0155247e+000
  7.5551703e-001  2.0313879e+000
  7.5283927e-001  2.0386779e+000
  7.5717467e-001  2.0683840e+000
  7.6443070e-001  2.1346158e+000
  7.6270728e-001  2.1590233e+000
  7.5780939e-001  2.1697194e+000
  7.6215581e-001  2.1880182e+000
  7.5571923e-001  2.2135913e+000
  7.5112415e-001  2.1905247e+000
  7.6166881e-001  2.2063842e+000
  7.4813276e-001  2.2660289e+000
  7.6662254e-001  2.2348498e+000
  7.6120807e-001  2.2527489e+000
  7.6010297e-001  2.2928918e+000
  7.6432028e-001  2.2668140e+000
  7.6272792e-001  2.2603994e+000
  7.4705404e-001  2.3093681e+000
  7.5995663e-001  2.2765350e+000
  7.4823135e-001  2.3203596e+000
  7.5773288e-001  2.3143956e+000
  7.5371037e-001  2.2822761e+000
  7.5123821e-001  2.3134054e+000
  7.6681710e-001  2.3182746e+000
  7.6051950e-001  2.3206335e+000
  7.6186490e-001  2.3080699e+000
  7.5745263e-001  2.3503018e+000
  7.5038747e-001  2.2985942e+000
  7.6008733e-001  2.3274940e+000
  7.5821938e-001  2.3364702e+000
  7.6497052e-001  2.3464743e+000
  7.4721300e-001  2.3270029e+000
  7.4653484e-001  2.3142976e+000
  7.6133425e-001  2.3213619e+000
  7.5904547e-001  2.3119937e+000
  7.4905796e-001  2.3189709e+000
  7.6039652e-001  2.3391034e+000
  7.6677972e-001  2.3462844e+000
  7.6341642e-001  2.3551901e+000
  7.4935686e-001  2.3325816e+000
  7.4697944e-001  2.3147130e+000
  7.4928426e-001  2.3060594e+000
  6.5687811e-001  2.3484477e+000
  6.6336584e-001  2.3620373e+000
  6.7055812e-001  2.3135964e+000
  6.6687186e-001  2.3389197e+000
  6.7140394e-001  2.3568610e+000
  6.6424211e-001  2.3401194e+000
  6.6092721e-001  2.3371552e+000
  6.7576071e-001  2.3063164e+000
  6.6576186e-001  2.3396679e+000
  6.6041661e-001  2.3159329e+000
  6.7432938e-001  2.3207757e+000
  6.6316740e-001  2.3348196e+000
  6.6680026e-001  2.3054989e+000
  6.7642259e-001  2.3430190e+000
  6.7633381e-001  2.3127242e+000
  6.6030011e-001  2.3538605e+000
  6.6272705e-001  2.3325635e+000
  6.5420194e-001  2.3439332e+000
  6.7298181e-001  2.3317425e+000
  6.5605258e-001  2.3512964e+000
  6.7035157e-001  2.3257786e+000
  6.6072061e-001  2.3545431e+000
  6.5688253e-001  2.3089778e+000
  6.5714587e-001  2.3343530e+000
  6.6477096e-001  2.3355949e+000
  6.7455962e-001  2.3514130e+000
  6.7647296e-001  2.3486673e+000
  6.6536869e-001  2.3208107e+000
  6.6458256e-001  2.3512731e+000
  6.7521710e-001  2.3045980e+000
  6.5751143e-001  2.3382980e+000
  6.5684818e-001  2.3248034e+000
  6.6340512e-001  2.3037770e+000
  6.5651966e-001  2.3612069e+000
  6.5976579e-001  2.3578265e+000
  6.6233419e-001  2.3458724e+000
  6.5492531e-001  2.3158341e+000
  6.6352974e-001  2.3325945e+000
  6.5697259e-001  2.3471114e+000
  6.6449130e-001  2.3465387e+000
  6.7322942e-001  2.3239307e+000
  6.5832723e-001  2.3473798e+000
  6.6284158e-001  2.3299229e+000
  6.6766490e-001  2.3554549e+000
  6.5845174e-001  2.3044516e+000
  6.6343172e-001  2.3259034e+000
  6.6738343e-001  2.3565221e+000
  6.7208317e-001  2.3584623e+000
  6.6023300e-001  2.3100970e+000
  6.5463633e-001  2.3298883e+000
  6.5531002e-001  2.3340479e+000
  6.7420896e-001  2.3490389e+000
  6.6902740e-001  2.3073744e+000
  6.5947373e-001  2.3080904e+000
  6.5956316e-001  2.3272059e+000
  6.6402398e-001  2.3197382e+000
  6.7262124e-001  2.3542947e+000
  6.7653257e-001  2.3477869e+000
  6.7186539e-001  2.3395815e+000
  6.6093301e-001  2.3453780e+000
  6.7112591e-001  2.3506441e+000
  6.6381733e-001  2.3405236e+000
  6.7741885e-001  2.3459586e+000
  6.7036023e-001  2.3583416e+000
  6.7038205e-001  2.3592484e+000
  6.6237924e-001  2.3426062e+000
  6.7265299e-001  2.3146141e+000
  6.7021438e-001  2.3583712e+000
  6.6401910e-001  2.3112590e+000
  7.3850059e-001  2.3242322e+000
  7.5116982e-001  2.3028146e+000
  7.3751442e-001  2.3362410e+000
  7.5200789e-001  2.3212949e+000
  7.5740916e-001  2.3187211e+000
  7.4130588e-001  2.3118231e+000
  7.5029928e-001  2.3269724e+000
  7.5789236e-001  2.3375707e+000
  7.3890171e-001  2.3067332e+000
  7.4387092e-001  2.3089136e+000
  7.3686559e-001  2.3272999e+000
  7.5954492e-001  2.3109113e+000
  7.5499006e-001  2.3660208e+000
  7.5721013e-001  2.3481372e+000
  7.4742914e-001  2.3157980e+000
  7.5330210e-001  2.3412255e+000
  7.5070429e-001  2.3482245e+000
  7.3680534e-001  2.3574672e+000
  7.4333197e-001  2.3377544e+000
  7.4572199e-001  2.3282636e+000
  7.4661430e-001  2.3304368e+000
  7.4215522e-001  2.3286458e+000
  7.4905237e-001  2.3528289e+000
  7.4853894e-001  2.3518127e+000
  7.4240344e-001  2.3422961e+000
  7.4138712e-001  2.3445122e+000
  7.5677179e-001  2.3418615e+000
  7.5151613e-001  2.3399946e+000
  7.4716480e-001  2.3382556e+000
  7.3667892e-001  2.3376266e+000
  7.5848971e-001  2.3122717e+000
  7.4616034e-001  2.3582783e+000
  7.4699820e-001  2.3657766e+000
  7.4819579e-001  2.3451078e+000
  7.5439432e-001  2.3458339e+000
  7.3849515e-001  2.3353818e+000
  7.3739497e-001  2.3673395e+000
  7.4178519e-001  2.3331177e+000
  7.4264553e-001  2.3200459e+000
  7.5235247e-001  2.3478974e+000
  7.4195983e-001  2.3393683e+000
  7.5196256e-001  2.3595142e+000
  7.5923418e-001  2.3181347e+000
  7.4985481e-001  2.3695256e+000
  7.4060180e-001  2.3641633e+000
  7.5653482e-001  2.3623427e+000
  7.5932205e-001  2.3521258e+000
  7.5085219e-001  2.3422382e+000
  7.4954281e-001  2.3470259e+000
  7.3973560e-001  2.3479623e+000
  7.4668659e-001  2.3433716e+000
  7.4940211e-001  2.3571995e+000
  7.4873689e-001  2.3169406e+000
  7.5030828e-001  2.3436499e+000
  7.3647365e-001  2.3416751e+000
  7.5256424e-001  2.3407801e+000
  7.4556212e-001  2.3336104e+000
  7.5828935e-001  2.3628549e+000
  7.3714679e-001  2.3584951e+000
  7.5591486e-001  2.3233780e+000
  7.5303693e-001  2.3672159e+000
  7.3751320e-001  2.3686419e+000
  7.4989702e-001  2.3677998e+000
  7.4843320e-001  2.3206934e+000
  7.5539058e-001  2.3593725e+000
  7.4935489e-001  2.3659567e+000
  7.4848399e-001  2.3344863e+000
  7.5447243e-001  2.3422304e+000
  7.3847041e-001  2.3277458e+000
 -2.5620459e-001  2.3593475e+000
 -2.6523214e-001  2.3667073e+000
 -2.5536218e-001  2.2810100e+000
 -2.5032721e-001  2.1832740e+000
 -2.4259165e-001  2.0728099e+000
 -2.6018326e-001  1.9233412e+000
 -2.4268083e-001  1.7762228e+000
 -2.4522501e-001  1.5872115e+000
 -2.5535758e-001  1.4632938e+000
 -2.6404418e-001  1.2550233e+000
 -2.4699777e-001  1.1009279e+000
 -2.6436315e-001  9.7996666e-001
 -2.4185986e-001  8.1581191e-001
 -2.5432470e-001  6.9685221e-001
 -2.5706070e-001  5.7990514e-001
 -2.5550186e-001  4.2946043e-001
 -2.5733397e-001  3.4081899e-001
 -2.6245542e-001  2.5908373e-001
 -2.4296923e-001  1.4976807e-001
 -2.5733198e-001  2.5593872e-002
 -2.5532879e-001 -5.4901096e-003
 -2.6384442e-001 -9.9386620e-002
 -2.6198937e-001 -1.4829118e-001
 -2.4982918e-001 -2.1355111e-001
 -2.5752431e-001 -3.0021758e-001
 -2.4725545e-001 -3.0922013e-001
 -2.4520423e-001 -3.8746195e-001
 -2.5760445e-001 -4.2872823e-001
 -2.5849915e-001 -4.5641307e-001
 -2.5571232e-001 -4.5627535e-001
 -2.4393975e-001 -5.1374393e-001
 -2.5915300e-001 -5.5389074e-001
 -2.5931670e-001 -5.4994628e-001
 -2.4719339e-001 -5.6162689e-001
 -2.5983715e-001 -5.9958267e-001
 -2.5929748e-001 -6.0204595e-001
 -2.5991638e-001 -6.2835916e-001
 -2.6013811e-001 -6.2626685e-001
 -2.6373263e-001 -6.7047110e-001
 -2.5842270e-001 -6.7750573e-001
 -2.4198054e-001 -6.8514203e-001
 -2.4480308e-001 -6.7429318e-001
 -2.4469133e-001 -6.5829132e-001
 -2.5971868e-001 -6.6890669e-001
 -2.5402396e-001 -7.0367760e-001
 -2.6434296e-001 -7.0654191e-001
 -2.5943147e-001 -6.8629544e-001
 -2.5113762e-001 -7.2632856e-001
 -2.4496097e-001 -7.0802529e-001
 -2.4799188e-001 -7.3147415e-001
 -2.5732030e-001 -6.9556644e-001
 -2.4742456e-001 -7.4216609e-001
 -2.5075034e-001 -7.4998870e-001
 -2.4765210e-001 -7.4321990e-001
 -2.4174746e-001 -7.0926483e-001
 -2.4614154e-001 -7.4700229e-001
 -2.4861946e-001 -7.6151757e-001
 -2.5688376e-001 -7.3136900e-001
 -2.5680923e-001 -7.1969055e-001
 -2.6081089e-001 -7.1062562e-001
 -2.5597051e-001 -7.5643642e-001
 -2.5265911e-001 -7.6463004e-001
 -2.5027569e-001 -7.2998401e-001
 -2.5745532e-001 -7.1459966e-001
 -2.4793169e-001 -7.3350080e-001
 -2.5692922e-001 -7.6910432e-001
 -2.4229747e-001 -7.1231141e-001
 -2.5233704e-001 -7.6734839e-001
 -2.6567576e-001 -7.3348165e-001
  7.2631293e-001 -7.1361639e-001
  7.3538183e-001 -7.3846871e-001
  7.3103949e-001 -6.9768544e-001
  7.2588950e-001 -5.9255655e-001
  7.3208897e-001 -4.8855934e-001
  7.4155691e-001 -3.1180295e-001
  7.3068836e-001 -1.5603055e-001
  7.3209838e-001  3.7799021e-004
  7.3112589e-001  1.7739210e-001
  7.4238834e-001  2.9931576e-001
  7.4187562e-001  5.0220788e-001
  7.4271812e-001  6.1928193e-001
  7.3628026e-001  7.4932841e-001
  7.3841899e-001  8.9784637e-001
  7.3852755e-001  1.0115841e+000
  7.2738629e-001  1.1780474e+000
  7.2843273e-001  1.2815834e+000
  7.3037392e-001  1.3613730e+000
  7.4242146e-001  1.4907645e+000
  7.3072333e-001  1.5635761e+000
  7.3693333e-001  1.6252592e+000
  7.3274814e-001  1.6762557e+000
  7.2553115e-001  1.7744196e+000
  7.4392862e-001  1.8515165e+000
  7.3398213e-001  1.8645264e+000
  7.4662472e-001  1.9432238e+000
  7.2515713e-001  1.9582666e+000
  7.3014243e-001  1.9970075e+000
  7.4337414e-001  2.0476444e+000
  7.3529057e-001  2.0975156e+000
  7.3444102e-001  2.1126162e+000
  7.2738692e-001  2.1091947e+000
  7.3044313e-001  2.1545697e+000
  7.4164451e-001  2.1780452e+000
  7.4165463e-001  2.2052464e+000
  7.4716225e-001  2.2061302e+000
  7.4756823e-001  2.2467229e+000
  7.3337572e-001  2.2195477e+000
  7.4067751e-001  2.2569611e+000
  7.4738320e-001  2.2869537e+000
  7.3864393e-001  2.2957289e+000
  7.3300209e-001  2.2722221e+000
  7.2474157e-001  2.3179697e+000
  7.3542755e-001  2.3161791e+000
  7.3806386e-001  2.2760113e+000
  7.4133430e-001  2.2944112e+000
  7.3739830e-001  2.3408193e+000
  7.3162606e-001  2.3298021e+000
  7.2571042e-001  2.2996950e+000
  7.3929324e-001  2.3003679e+000
  7.3901092e-001  2.2998571e+000
  7.3445765e-001  2.3098345e+000
  7.4563565e-001  2.3476716e+000
  7.4055150e-001  2.3426839e+000
  7.2528781e-001  2.3484883e+000
  7.4741073e-001  2.3394879e+000
  7.4606151e-001  2.3529425e+000
  7.4782718e-001  2.3566185e+000
  7.4062840e-001  2.3148730e+000
  7.2479373e-001  2.3472732e+000
  7.4103549e-001  2.3657027e+000
  7.4401112e-001  2.3414465e+000
  7.3979679e-001  2.3432981e+000
  7.2735863e-001  2.3159759e+000
  7.2903903e-001  2.3372965e+000
  7.4110598e-001  2.3237688e+000
  7.3111156e-001  2.3643448e+000
  7.4377571e-001  2.3263116e+000
  7.4783111e-001  2.3753373e+000
 -1.7028669e-001  2.3414783e+000
 -1.8134708e-001  2.3550206e+000
 -1.7529283e-001  2.3099006e+000
 -1.8073011e-001  2.1915595e+000
 -1.7961591e-001  2.1148105e+000
 -1.7396243e-001  1.9571996e+000
 -1.7751932e-001  1.8226383e+000
 -1.7721048e-001  1.6729281e+000
 -1.7730528e-001  1.5260127e+000
 -1.7705633e-001  1.3762871e+000
 -1.7601458e-001  1.2310852e+000
 -1.6425988e-001  1.0523082e+000
 -1.8208859e-001  9.0796687e-001
 -1.7789883e-001  7.7970571e-001
 -1.7525046e-001  6.4915628e-001
 -1.8252968e-001  5.9195307e-001
 -1.6798345e-001  4.4203648e-001
 -1.7023779e-001  3.7473099e-001
 -1.7251692e-001  2.5950794e-001
 -1.6469540e-001  2.0657806e-001
 -1.7469568e-001  1.0893718e-001
 -1.7779590e-001  5.2851941e-002
 -1.7846855e-001 -1.4865161e-002
 -1.7681726e-001 -6.7365056e-002
 -1.7379919e-001 -1.1583761e-001
 -1.8469345e-001 -1.5827386e-001
 -1.7462318e-001 -2.3074661e-001
 -1.7375532e-001 -2.5404065e-001
 -1.6089228e-001 -2.9691551e-001
 -1.6533938e-001 -3.2047443e-001
 -1.6189363e-001 -3.2701343e-001
 -1.8409965e-001 -3.7698587e-001
 -1.7611525e-001 -3.5971218e-001
 -1.6558352e-001 -4.1914438e-001
 -1.6382578e-001 -4.4636060e-001
 -1.7779456e-001 -4.4003146e-001
 -1.8263314e-001 -4.2690459e-001
 -1.7010438e-001 -4.6636849e-001
 -1.7989440e-001 -4.8389633e-001
 -1.7877745e-001 -4.5390720e-001
 -1.7163531e-001 -4.6961482e-001
 -1.8078470e-001 -4.8094740e-001
 -1.6731581e-001 -5.2963255e-001
 -1.6901368e-001 -5.0626888e-001
 -1.6894243e-001 -5.2192940e-001
 -1.8335994e-001 -5.0731128e-001
 -1.7478366e-001 -5.3272679e-001
 -1.6926254e-001 -5.2157627e-001
 -1.7579765e-001 -5.3865005e-001
 -1.6632856e-001 -5.5402993e-001
 -1.7363252e-001 -5.3834285e-001
 -1.7009307e-001 -5.5002711e-001
 -1.7135485e-001 -5.2405501e-001
 -1.6639916e-001 -5.4680634e-001
 -1.7599649e-001 -5.6836376e-001
 -1.6222320e-001 -5.7418955e-001
 -1.7734497e-001 -5.3788100e-001
 -1.8337662e-001 -5.3571873e-001
 -1.7172010e-001 -5.5089036e-001
 -1.7487560e-001 -5.6456404e-001
 -1.6270294e-001 -5.6552753e-001
 -1.7593004e-001 -5.7200190e-001
 -1.8431795e-001 -5.3991153e-001
 -1.7144325e-001 -5.7944368e-001
 -1.7153151e-001 -5.6286835e-001
 -1.6590755e-001 -5.3024218e-001
 -1.6976560e-001 -5.7784183e-001
 -1.7768287e-001 -5.4800769e-001
 -1.6833708e-001 -5.3325662e-001
 -2.5026661e-001 -5.6749284e-001
 -2.6617580e-001 -5.5678586e-001
 -2.6369845e-001 -5.8221627e-001
 -2.4987666e-001 -5.7284799e-001
 -2.6203676e-001 -5.4454087e-001
 -2.7025393e-001 -5.7990581e-001
 -2.6974733e-001 -5.8561122e-001
 -2.7104456e-001 -5.8210831e-001
 -2.6233242e-001 -6.0134607e-001
 -2.5119480e-001 -5.9940898e-001
 -2.5007215e-001 -6.5758341e-001
 -2.5808025e-001 -6.6839440e-001
 -2.5620031e-001 -6.5213890e-001
 -2.5431095e-001 -6.5991767e-001
 -2.5336443e-001 -6.8739658e-001
 -2.5987039e-001 -6.7872139e-001
 -2.6987741e-001 -7.0444413e-001
 -2.5916975e-001 -6.7849759e-001
 -2.6038045e-001 -6.8488108e-001
 -2.5079799e-001 -6.7877400e-001
 -2.5314586e-001 -7.2508605e-001
 -2.5298791e-001 -7.1046540e-001
 -2.6091741e-001 -6.8988137e-001
 -2.5514289e-001 -7.1303702e-001
 -2.6206554e-001 -7.4109876e-001
 -2.5084525e-001 -7.5741076e-001
 -2.5354440e-001 -7.5308239e-001
 -2.7203024e-001 -7.6386078e-001
 -2.6087372e-001 -7.3173481e-001
 -2.6898458e-001 -7.3778352e-001
 -2.7189038e-001 -7.5348540e-001
 -2.6505028e-001 -7.3653529e-001
 -2.5419625e-001 -7.7194211e-001
 -2.6417447e-001 -7.6856223e-001
 -2.6912484e-001 -7.2849556e-001
 -2.6853390e-001 -7.4493655e-001
 -2.6909703e-001 -7.7374574e-001
 -2.5898605e-001 -7.6493029e-001
 -2.5262144e-001 -7.5629397e-001
 -2.5562370e-001 -7.3509519e-001
 -2.6854519e-001 -7.6257820e-001
 -2.5108562e-001 -7.6358088e-001
 -2.5459928e-001 -7.4540747e-001
 -2.6524486e-001 -7.7497978e-001
 -2.6812813e-001 -7.7503120e-001
 -2.6786106e-001 -7.3175830e-001
 -2.6804870e-001 -7.8435537e-001
 -2.7129600e-001 -7.5755574e-001
 -2.6329906e-001 -7.8454155e-001
 -2.4906951e-001 -7.8435458e-001
 -2.6849077e-001 -7.3454861e-001
 -2.6396756e-001 -7.7062286e-001
 -2.4985954e-001 -7.3220043e-001
 -2.6678185e-001 -7.3586784e-001
 -2.5845736e-001 -7.7410757e-001
 -2.7117291e-001 -7.3014265e-001
 -2.5166917e-001 -7.6495123e-001
 -2.5344815e-001 -7.6398057e-001
 -2.5851555e-001 -7.7416519e-001
 -2.5746311e-001 -7.2913977e-001
 -2.6586437e-001 -7.6841935e-001
 -2.7001585e-001 -7.3195460e-001
 -2.5701513e-001 -7.6396813e-001
 -2.6904411e-001 -7.7337077e-001
 -2.5966671e-001 -7.8517421e-001
 -2.6426246e-001 -7.3065627e-001
 -2.5660338e-001 -7.7229358e-001
 -2.5104650e-001 -7.4418819e-001
 -2.6193782e-001 -7.2793260e-001
  4.1122281e-001 -7.6565600e-001
  4.1337609e-001 -7.3804494e-001
  4.2350590e-001 -7.2382301e-001
  4.1800437e-001 -6.1941001e-001
  4.2259613e-001 -5.3730743e-001
  4.2371678e-001 -4.1465765e-001
  4.1198670e-001 -2.8616804e-001
  4.1353262e-001 -1.8053186e-001
  4.1015269e-001 -1.9421100e-002
  4.0430487e-001  1.0411524e-001
  4.0389486e-001  2.2237122e-001
  4.1589465e-001  3.5755440e-001
  4.0731008e-001  4.5199176e-001
  4.2651964e-001  5.5644036e-001
  4.1782358e-001  6.4715761e-001
  4.2251450e-001  7.8420271e-001
  4.2041536e-001  8.3987989e-001
  4.2192287e-001  9.0597026e-001
  4.1268272e-001  1.0127845e+000
  4.0994236e-001  1.0551069e+000
  4.1999744e-001  1.1364693e+000
  4.2265988e-001  1.2215303e+000
  4.1529663e-001  1.2272313e+000
  4.1683937e-001  1.3110613e+000
  4.2067518e-001  1.3097619e+000
  4.2305611e-001  1.3809078e+000
  4.1826062e-001  1.4085638e+000
  4.1373619e-001  1.4206588e+000
  4.0695289e-001  1.4479978e+000
  4.0893137e-001  1.5252749e+000
  4.0874984e-001  1.5169713e+000
  4.2726414e-001  1.5606989e+000
  4.1737981e-001  1.5461317e+000
  4.0515784e-001  1.5546800e+000
  4.0909763e-001  1.5979731e+000
  4.2401684e-001  1.5751613e+000
  4.2431915e-001  1.5882568e+000
  4.1706858e-001  1.6234543e+000
  4.0592516e-001  1.6360653e+000
  4.2245712e-001  1.6460702e+000
  4.2487455e-001  1.6514909e+000
  4.1118023e-001  1.6641299e+000
  4.2308424e-001  1.6893235e+000
  4.2003135e-001  1.6420598e+000
  4.1298091e-001  1.6653747e+000
  4.2640796e-001  1.6556303e+000
  4.1608557e-001  1.6637966e+000
  4.1378820e-001  1.6990520e+000
  4.1285312e-001  1.6658610e+000
  4.0947832e-001  1.7010367e+000
  4.1664591e-001  1.6966081e+000
  4.1279423e-001  1.6866266e+000
  4.1260591e-001  1.6971473e+000
  4.2365284e-001  1.7096463e+000
  4.0927637e-001  1.7185830e+000
  4.1912635e-001  1.6974764e+000
  4.1663463e-001  1.6904837e+000
  4.1661580e-001  1.7011912e+000
  4.1079566e-001  1.7040626e+000
  4.2217045e-001  1.7170863e+000
  4.2724074e-001  1.6981401e+000
  4.2401763e-001  1.7323966e+000
  4.2176042e-001  1.6992665e+000
  4.1323043e-001  1.6961598e+000
  4.1849648e-001  1.7114718e+000
  4.1904696e-001  1.7207579e+000
  4.1989369e-001  1.7355747e+000
  4.0957754e-001  1.6799331e+000
  4.2252363e-001  1.7125763e+000
  2.7545712e-001  1.7137037e+000
  2.8858176e-001  1.7094954e+000
  2.9591632e-001  1.6918600e+000
  2.8516477e-001  1.6716827e+000
  2.9041366e-001  1.6876672e+000
  2.9853745e-001  1.6221103e+000
  2.8601092e-001  1.6087015e+000
  2.7694699e-001  1.5566468e+000
  2.8857090e-001  1.5817892e+000
  2.8078073e-001  1.5376502e+000
  2.8695010e-001  1.4807933e+000
  2.9573881e-001  1.4670160e+000
  2.7756460e-001  1.4286652e+000
  2.9037059e-001  1.4393328e+000
  2.9332080e-001  1.4359509e+000
  2.9236789e-001  1.3754096e+000
  2.7505563e-001  1.3746800e+000
  2.7923645e-001  1.3518027e+000
  2.9317409e-001  1.3320801e+000
  2.9230858e-001  1.3207973e+000
  2.8903324e-001  1.3316232e+000
  2.8302186e-001  1.3313170e+000
  2.8428615e-001  1.2828612e+000
  2.8189503e-001  1.2715835e+000
  2.7505992e-001  1.2606265e+000
  2.9707653e-001  1.2386281e+000
  2.8988453e-001  1.2363105e+000
  2.8634830e-001  1.2204657e+000
  2.9759577e-001  1.2484128e+000
  2.8553898e-001  1.2309391e+000
  2.8076732e-001  1.2071589e+000
  2.7835438e-001  1.2547362e+000
  2.9603440e-001  1.1982328e+000
  2.9257834e-001  1.2104087e+000
  2.7533513e-001  1.1952110e+000
  2.9556779e-001  1.2458541e+000
  2.9690169e-001  1.1911670e+000
  2.8004902e-001  1.1947855e+000
  2.9017413e-001  1.2300012e+000
  2.9247450e-001  1.2171387e+000
  2.9052693e-001  1.1840849e+000
  2.9333336e-001  1.2108643e+000
  2.9152493e-001  1.1754995e+000
  2.8853774e-001  1.2075736e+000
  2.8829299e-001  1.2291336e+000
  2.9875060e-001  1.2173813e+000
  2.9465795e-001  1.1769657e+000
  2.8471883e-001  1.2047272e+000
  2.8386561e-001  1.2157038e+000
  2.8883622e-001  1.2020374e+000
  2.7884907e-001  1.1857710e+000
  2.9653817e-001  1.1967586e+000
  2.9481677e-001  1.1699520e+000
  2.9763269e-001  1.2058060e+000
  2.7567833e-001  1.2033358e+000
  2.8960043e-001  1.1970978e+000
  2.9855273e-001  1.1686299e+000
  2.8672597e-001  1.1940729e+000
  2.7704754e-001  1.1838697e+000
  2.9419106e-001  1.1812133e+000
  2.9851654e-001  1.1816500e+000
  2.8848965e-001  1.1862861e+000
  2.9890737e-001  1.1719498e+000
  2.9461774e-001  1.1970097e+000
  2.8923096e-001  1.1762248e+000
  2.7734410e-001  1.1990051e+000
  2.9591469e-001  1.1753051e+000
  2.8326166e-001  1.2084880e+000
  2.8634864e-001  1.2049750e+000
  9.8697647e-001  1.1946051e+000
  9.8857106e-001  1.2199295e+000
  9.7326063e-001  1.1975309e+000
  9.7040770e-001  1.2268099e+000
  9.7872815e-001  1.2066867e+000
  9.8026481e-001  1.2670711e+000
  9.7290679e-001  1.2790090e+000
  9.8435401e-001  1.2951287e+000
  9.8773734e-001  1.2781998e+000
  9.8161017e-001  1.2982835e+000
  9.7466467e-001  1.3536272e+000
  9.7934571e-001  1.3471815e+000
  9.7246630e-001  1.3808257e+000
  9.6901871e-001  1.3579304e+000
  9.7929603e-001  1.4143385e+000
  9.8989401e-001  1.3955237e+000
  9.8730984e-001  1.3999649e+000
  9.6969208e-001  1.4333847e+000
  9.6890425e-001  1.4430996e+000
  9.8025870e-001  1.4879150e+000
  9.8120869e-001  1.4901799e+000
  9.6705357e-001  1.4573799e+000
  9.7061873e-001  1.5133855e+000
  9.7812252e-001  1.4997622e+000
  9.8288081e-001  1.5043985e+000
  9.8838397e-001  1.5124128e+000
  9.7219405e-001  1.5032749e+000
  9.7602720e-001  1.5264641e+000
  9.7214579e-001  1.5412322e+000
  9.7782014e-001  1.5484228e+000
  9.8020757e-001  1.5548205e+000
  9.8692683e-001  1.5337522e+000
  9.6768658e-001  1.5525321e+000
  9.9002520e-001  1.5132455e+000
  9.8398886e-001  1.5545027e+000
  9.6888457e-001  1.5162084e+000
  9.8878574e-001  1.5236195e+000
  9.7172400e-001  1.5255287e+000
  9.6923243e-001  1.5342893e+000
  9.8889070e-001  1.5211857e+000
  9.7623541e-001  1.5319238e+000
  9.6989297e-001  1.5722658e+000
  9.7792526e-001  1.5492107e+000
  9.8974130e-001  1.5441664e+000
  9.6643328e-001  1.5626191e+000
  9.8937326e-001  1.5439308e+000
  9.7865950e-001  1.5789898e+000
  9.7618975e-001  1.5750902e+000
  9.8860185e-001  1.5526526e+000
  9.7794144e-001  1.5414603e+000
  9.8360197e-001  1.5739819e+000
  9.7427811e-001  1.5254928e+000
  9.8764133e-001  1.5474946e+000
  9.8288343e-001  1.5474713e+000
  9.8192000e-001  1.5532235e+000
  9.7099770e-001  1.5451905e+000
  9.8026917e-001  1.5509565e+000
  9.8061059e-001  1.5598043e+000
  9.7403826e-001  1.5746783e+000
  9.8337948e-001  1.5263028e+000
  9.6896514e-001  1.5727029e+000
  9.6675195e-001  1.5386051e+000
  9.8204557e-001  1.5800279e+000
  9.8754781e-001  1.5266643e+000
  9.8785255e-001  1.5487570e+000
  9.7024515e-001  1.5609018e+000
  9.7664022e-001  1.5377376e+000
  9.6921234e-001  1.5465279e+000
  9.6980442e-001  1.5490910e+000
  3.8189443e-001  1.5665671e+000
  3.8199933e-001  1.5505916e+000
  3.8805483e-001  1.5730221e+000
  3.6949780e-001  1.5277517e+000
  3.6498016e-001  1.5395788e+000
  3.8721254e-001  1.5552735e+000
  3.8756860e-001  1.5574554e+000
  3.7861886e-001  1.5470832e+000
  3.8292973e-001  1.5545605e+000
  3.8587973e-001  1.5857198e+000
  3.6670989e-001  1.5800218e+000
  3.8744024e-001  1.5633966e+000
  3.6714954e-001  1.5305300e+000
  3.8150859e-001  1.5483878e+000
  3.7326149e-001  1.5700200e+000
  3.7974503e-001  1.5727220e+000
  3.8184479e-001  1.5320661e+000
  3.8704097e-001  1.5705487e+000
  3.8712641e-001  1.5868218e+000
  3.7925745e-001  1.5853399e+000
  3.7333969e-001  1.5531991e+000
  3.6898717e-001  1.5811056e+000
  3.6541860e-001  1.5544553e+000
  3.6858466e-001  1.5316717e+000
  3.7121277e-001  1.5820551e+000
  3.8303559e-001  1.5380610e+000
  3.7117345e-001  1.5658095e+000
  3.6641436e-001  1.5891511e+000
  3.7213422e-001  1.5560172e+000
  3.7994920e-001  1.5511536e+000
  3.7622139e-001  1.5637895e+000
  3.7088200e-001  1.5598923e+000
  3.8511746e-001  1.5537128e+000
  3.7869478e-001  1.5854874e+000
  3.7855223e-001  1.5322933e+000
  3.6894469e-001  1.5796641e+000
  3.8403648e-001  1.5647171e+000
  3.6980326e-001  1.5774885e+000
  3.8157887e-001  1.5428244e+000
  3.6848828e-001  1.5439122e+000
  3.7026634e-001  1.5908738e+000
  3.8363849e-001  1.5795669e+000
  3.8045794e-001  1.5887051e+000
  3.6643507e-001  1.5656295e+000
  3.6881736e-001  1.5824024e+000
  3.8482725e-001  1.5839508e+000
  3.7444919e-001  1.5568281e+000
  3.8538847e-001  1.5583370e+000
  3.8238077e-001  1.5868859e+000
  3.7099831e-001  1.5746600e+000
  3.7537943e-001  1.5420298e+000
  3.8841223e-001  1.5841302e+000
  3.8702130e-001  1.5681456e+000
  3.8077386e-001  1.5856507e+000
  3.8545836e-001  1.5764488e+000
  3.7899509e-001  1.5903737e+000
  3.7438357e-001  1.5814806e+000
  3.8641364e-001  1.5491905e+000
  3.8222788e-001  1.5549116e+000
  3.7387591e-001  1.5580567e+000
  3.7504475e-001  1.5506551e+000
  3.7121533e-001  1.5640214e+000
  3.7678308e-001  1.5335789e+000
  3.8394169e-001  1.5509997e+000
  3.7457727e-001  1.5321677e+000
  3.7130080e-001  1.5772063e+000
  3.8293510e-001  1.5799405e+000
  3.7139027e-001  1.5767172e+000
  3.7645727e-001  1.5381312e+000
  5.7128938e-001  1.5535903e+000
  5.6043676e-001  1.5350226e+000
  5.7875921e-001  1.5966756e+000
  5.8178836e-001  1.6006738e+000
  5.7727496e-001  1.5886500e+000
  5.7452737e-001  1.6603425e+000
  5.7269083e-001  1.6567788e+000
  5.7380455e-001  1.6923015e+000
  5.6851281e-001  1.7289655e+000
  5.7946150e-001  1.7850091e+000
  5.7961312e-001  1.7976692e+000
  5.6630946e-001  1.8172477e+000
  5.6299624e-001  1.8771969e+000
  5.6936551e-001  1.8833084e+000
  5.6584282e-001  1.9312430e+000
  5.6567774e-001  1.9668602e+000
  5.7637321e-001  1.9522439e+000
  5.6620594e-001  1.9623815e+000
  5.7488947e-001  2.0067507e+000
  5.7085384e-001  2.0334749e+000
  5.7086900e-001  2.0473552e+000
  5.6343593e-001  2.0515497e+000
  5.6948871e-001  2.0420020e+000
  5.7556891e-001  2.0949138e+000
  5.6173771e-001  2.1017305e+000
  5.6822681e-001  2.0897478e+000
  5.6300646e-001  2.0768058e+000
  5.8033516e-001  2.0896153e+000
  5.6391374e-001  2.1016366e+000
  5.7701510e-001  2.1060388e+000
  5.7812594e-001  2.1316552e+000
  5.7589561e-001  2.1160443e+000
  5.7060037e-001  2.1331979e+000
  5.6687306e-001  2.1602456e+000
  5.6101002e-001  2.1534199e+000
  5.7954736e-001  2.1765977e+000
  5.6451839e-001  2.1591434e+000
  5.7444048e-001  2.1321905e+000
  5.7769794e-001  2.1623265e+000
  5.6878155e-001  2.1935686e+000
  5.6933868e-001  2.1417608e+000
  5.7471809e-001  2.1857588e+000
  5.6131940e-001  2.1517636e+000
  5.7781810e-001  2.1921462e+000
  5.8283254e-001  2.1696485e+000
  5.7159562e-001  2.1639300e+000
  5.6014159e-001  2.1858169e+000
  5.6712754e-001  2.1949355e+000
  5.7535856e-001  2.1919956e+000
  5.6244953e-001  2.1993235e+000
  5.6263563e-001  2.1951792e+000
  5.7466172e-001  2.1877156e+000
  5.7220299e-001  2.1663381e+000
  5.8187328e-001  2.1799764e+000
  5.5995085e-001  2.1935494e+000
  5.7753265e-001  2.1899909e+000
  5.8032761e-001  2.2004287e+000
  5.7864130e-001  2.1948442e+000
  5.7741978e-001  2.2072909e+000
  5.6545487e-001  2.2020904e+000
  5.6757544e-001  2.1565775e+000
  5.8062147e-001  2.1719650e+000
  5.6543629e-001  2.1778061e+000
  5.7868551e-001  2.1543781e+000
  5.7131891e-001  2.1747032e+000
  5.6647949e-001  2.1735978e+000
  5.7822629e-001  2.1739521e+000
  5.7528726e-001  2.2096587e+000
  5.7889394e-001  2.1733425e+000
 -7.1405737e-001  2.1733204e+000
 -7.0422667e-001  2.1762742e+000
 -7.0931000e-001  2.1330883e+000
 -7.1601093e-001  2.0314723e+000
 -7.2567615e-001  1.9556396e+000
 -7.0863557e-001  1.7837484e+000
 -7.1911959e-001  1.6415132e+000
 -7.1867167e-001  1.5195384e+000
 -7.2061553e-001  1.3723256e+000
 -7.1940781e-001  1.1976185e+000
 -7.1441989e-001  1.0529915e+000
 -7.0912217e-001  9.3300337e-001
 -7.0506165e-001  8.0253382e-001
 -7.0866058e-001  6.5033659e-001
 -7.2486307e-001  5.7581269e-001
 -7.1067795e-001  4.5893074e-001
 -7.0653762e-001  3.3033055e-001
 -7.2625636e-001  2.7381932e-001
 -7.1429398e-001  1.5539586e-001
 -7.1148523e-001  1.1061852e-001
 -7.0919471e-001  7.0640205e-003
 -7.2360302e-001 -4.1879238e-002
 -7.0493774e-001 -7.8309734e-002
 -7.1090915e-001 -1.7295829e-001
 -7.0560885e-001 -2.0142011e-001
 -7.1725999e-001 -2.4840081e-001
 -7.0710177e-001 -2.9119886e-001
 -7.2242667e-001 -3.5857719e-001
 -7.1045561e-001 -3.8363795e-001
 -7.1249038e-001 -4.0961728e-001
 -7.2320317e-001 -4.1446416e-001
 -7.1585438e-001 -4.6047894e-001
 -7.1982961e-001 -4.7845032e-001
 -7.1577069e-001 -4.7561414e-001
 -7.0351207e-001 -5.2648475e-001
 -7.2234418e-001 -4.8961641e-001
 -7.0538860e-001 -5.4142455e-001
 -7.0505886e-001 -5.2066072e-001
 -7.1856185e-001 -5.2712018e-001
 -7.0447612e-001 -5.6593223e-001
 -7.0312234e-001 -5.9310051e-001
 -7.1714680e-001 -5.5717354e-001
 -7.0275420e-001 -5.5810976e-001
 -7.1464383e-001 -5.7473752e-001
 -7.1083305e-001 -5.7918719e-001
 -7.2663911e-001 -6.1272599e-001
 -7.2109879e-001 -6.1706383e-001
 -7.1827579e-001 -5.8196908e-001
 -7.0468608e-001 -6.2774710e-001
 -7.1118005e-001 -6.1115946e-001
 -7.0442612e-001 -6.2873195e-001
 -7.2158485e-001 -5.9011369e-001
 -7.1187618e-001 -6.2830253e-001
 -7.0446068e-001 -6.2854593e-001
 -7.2461644e-001 -6.3611585e-001
 -7.0911604e-001 -6.0765236e-001
 -7.1502530e-001 -6.2524313e-001
 -7.1551711e-001 -6.0505624e-001
 -7.1587087e-001 -6.5326897e-001
 -7.2538259e-001 -6.0174252e-001
 -7.0678256e-001 -6.1264623e-001
 -7.0390901e-001 -6.2958588e-001
 -7.1170495e-001 -6.3736576e-001
 -7.0303419e-001 -6.3914529e-001
 -7.0924272e-001 -6.4070888e-001
 -7.1246480e-001 -6.3867399e-001
 -7.2112130e-001 -6.3938726e-001
 -7.2095809e-001 -6.1708376e-001
 -7.0325296e-001 -6.4614587e-001
 -5.4923057e-001 -6.3250195e-001
 -5.5303484e-001 -6.0761226e-001
 -5.4726013e-001 -6.6682775e-001
 -5.5015491e-001 -6.2824064e-001
 -5.4077541e-001 -6.6771956e-001
 -5.5082023e-001 -6.7400290e-001
 -5.4819659e-001 -6.6868997e-001
 -5.4299153e-001 -6.9411926e-001
 -5.4072062e-001 -7.2537451e-001
 -5.5215453e-001 -7.5206513e-001
 -5.3459760e-001 -7.6798259e-001
 -5.4411978e-001 -7.6315621e-001
 -5.3618298e-001 -7.8435778e-001
 -5.4242644e-001 -7.7124386e-001
 -5.3888002e-001 -8.0998033e-001
 -5.4760272e-001 -7.8626557e-001
 -5.5604117e-001 -8.4338688e-001
 -5.4602322e-001 -8.5544040e-001
 -5.3500368e-001 -8.4834906e-001
 -5.4915507e-001 -8.4012540e-001
 -5.4835848e-001 -8.2999990e-001
 -5.4103729e-001 -8.3309631e-001
 -5.5401899e-001 -8.7367064e-001
 -5.3912374e-001 -8.7881443e-001
 -5.5140649e-001 -8.4981806e-001
 -5.3528624e-001 -8.8692427e-001
 -5.4833911e-001 -8.5197512e-001
 -5.5268690e-001 -8.6284990e-001
 -5.3893968e-001 -8.8139917e-001
 -5.5586764e-001 -9.2058592e-001
 -5.4111417e-001 -8.9339328e-001
 -5.3680845e-001 -9.2143832e-001
 -5.4637228e-001 -8.8724668e-001
 -5.5315660e-001 -8.9003088e-001
 -5.3416023e-001 -9.2274923e-001
 -5.5681138e-001 -9.1241582e-001
 -5.3632068e-001 -8.8068903e-001
 -5.3851694e-001 -9.0581093e-001
 -5.4080965e-001 -9.1158652e-001
 -5.5016272e-001 -9.0188574e-001
 -5.4264210e-001 -9.0354354e-001
 -5.4176019e-001 -9.2975190e-001
 -5.4279477e-001 -8.8933709e-001
 -5.4976917e-001 -8.9071996e-001
 -5.4357993e-001 -9.0957690e-001
 -5.5695716e-001 -8.9533695e-001
 -5.4515138e-001 -8.9483065e-001
 -5.4874182e-001 -8.8736170e-001
 -5.4831608e-001 -9.2554539e-001
 -5.5558682e-001 -9.2613972e-001
 -5.5692800e-001 -9.3018119e-001
 -5.4841989e-001 -9.2500981e-001
 -5.4760894e-001 -9.4342747e-001
 -5.3756533e-001 -8.8868570e-001
 -5.4887954e-001 -9.3053053e-001
 -5.5031765e-001 -9.4255184e-001
 -5.4820089e-001 -9.3946955e-001
 -9.5160020e-001 -9.3037127e-001
