 -3.0815501e-001 -8.6510842e-001
 -2.6985807e-001 -7.7274479e-001
 -3.1667934e-001 -7.9503998e-001
  8.3077542e-001  2.1931630e+000
 -6.5757251e-001 -6.6499252e-001
 -6.1325318e-001 -8.5215333e-001
  9.3242326e-001  1.7253532e+000
 -7.7921091e-002 -3.5088455e-001
  4.6975656e-001  1.8679486e+000
 -8.2640930e-001 -4.0069038e-001
 -5.6932908e-001 -8.1745356e-001
  1.4113982e-001  6.5509938e-001
 -3.5286784e-001 -9.9101787e-001
  9.1451568e-001  1.8499425e+000
  1.8078700e-001  6.4796952e-001
 -7.5971638e-001 -4.9786104e-001
 -4.4656321e-001 -9.6413351e-001
 -7.0866981e-001 -7.3930414e-001
  4.3827950e-001  1.8517794e+000
  5.1029107e-001  2.0757031e+000
  6.9585230e-001  2.2717351e+000
 -6.7824686e-001 -6.9246362e-001
 -1.4613943e-001 -4.1961187e-001
  6.0331448e-001  2.3171728e+000
 -5.8723094e-001 -9.0105394e-001
  3.1387488e-001  1.3754844e+000
 -4.1968221e-001 -1.0395226e+000
  3.7160437e-001  1.4514230e+000
 -3.8241570e-001 -8.5368753e-001
  8.8540041e-001  2.0513283e+000
 -5.2217935e-001 -8.4578069e-001
  3.9755968e-001  1.5729061e+000
 -7.2016033e-001 -5.4738093e-001
 -1.0963622e-001 -4.7325301e-001
  2.9209172e-001  1.2380060e+000
 -8.2976487e-001 -3.8887221e-001
  2.4027722e-002  3.2878910e-002
 -5.0164525e-001 -1.0047636e+000
 -2.4943077e-001 -7.8854913e-001
  1.7938118e-001  7.5455036e-001
  9.9036502e-001  1.5126246e+000
 -9.2329691e-001  1.5699097e-001
 -4.6862979e-001 -9.1678660e-001
 -3.9561770e-001 -9.0083748e-001
 -5.8771358e-001 -8.9315034e-001
  2.6739960e-001  1.0799107e+000
  4.3116480e-001  1.7557037e+000
  7.1005781e-002  3.5223745e-001
 -8.5076899e-001 -2.4196940e-001
 -6.9328099e-001 -5.9914304e-001
  3.6731532e-001  1.5930620e+000
 -3.3243822e-001 -7.9959853e-001
  6.8396971e-001  2.4246333e+000
  8.9598441e-001  1.9626075e+000
  5.0336777e-001  1.9077591e+000
 -9.4562057e-001  1.0689332e-001
  4.8819950e-001  1.8679120e+000
 -3.2648835e-001 -8.2523018e-001
  6.0270448e-001  2.3434953e+000
 -6.6619374e-001 -7.0854181e-001
  2.7337629e-001  1.1182607e+000
 -7.1351655e-001 -6.9389079e-001
  6.4022405e-001  2.2711008e+000
 -6.4303780e-001 -7.4311584e-001
 -6.4124735e-001 -7.9273957e-001
 -6.9664820e-001 -6.0669349e-001
 -1.3075615e-001 -4.7820285e-001
  7.6000052e-001  2.2442276e+000
 -9.6015021e-004  6.9389329e-002
  1.3602656e-001  5.3149890e-001
 -8.2488264e-001 -3.6233443e-001
 -1.1208911e-001 -3.6130351e-001
  4.0914239e-001  1.7023196e+000
  9.6361141e-001  1.7489444e+000
 -2.8378320e-001 -8.9501323e-001
 -7.6936318e-001 -4.3757348e-001
 -4.7975011e-001 -8.6111539e-001
  9.9055967e-001  1.4013054e+000
  6.7499864e-001  2.4261205e+000
  5.0013545e-001  2.0649112e+000
  5.2910247e-001  2.1137248e+000
  9.5140650e-001  1.7553706e+000
  7.6715771e-001  2.3344359e+000
  2.8182729e-001  1.0951439e+000
  8.0917468e-001  2.2888424e+000
  6.2144131e-001  2.2495315e+000
  2.1207813e-001  8.6001973e-001
  7.1470368e-001  2.3750069e+000
 -6.8620130e-001 -6.1755654e-001
 -3.5317433e-001 -9.7879590e-001
  1.2946661e-002  1.5582462e-001
 -2.1346473e-001 -5.7968825e-001
 -4.3858679e-001 -9.6166499e-001
  7.7693970e-001  2.3883558e+000
 -3.8813695e-001 -9.7078171e-001
  6.5412577e-001  2.3225131e+000
 -6.3376981e-001 -7.4801022e-001
  7.0210478e-001  2.3253054e+000
 -4.0785805e-001 -9.8879229e-001
 -9.3766901e-001  7.2084636e-002
 -2.5802295e-001 -7.3423203e-001
 -2.2964771e-001 -7.0693597e-001
  7.1303896e-001  2.3413788e+000
  8.4507795e-001  2.2822821e+000
 -4.8648750e-001 -8.8397849e-001
  1.5658543e-001  5.7157712e-001
 -3.4545064e-001 -7.8721931e-001
 -5.0819331e-002 -2.8081885e-001
  4.8618744e-001  1.8465142e+000
  3.4164174e-001  1.3574261e+000
 -8.7221858e-001 -1.8363662e-001
  8.0364417e-001  2.2445753e+000
  4.4184966e-001  1.8806897e+000
 -1.1341054e-001 -2.9147161e-001
 -6.5529705e-001 -8.6029694e-001
 -1.6812026e-001 -5.6551793e-001
 -9.9856890e-001  4.9186113e-001
  9.3082825e-002  3.0700969e-001
  1.2860567e-001  4.1673367e-001
 -8.6986556e-001 -2.5566852e-001
 -2.2661245e-001 -7.4941902e-001
  9.9298067e-003  7.5637077e-002
  7.3714549e-001  2.2675412e+000
  4.9702520e-001  2.0297028e+000
  4.9142809e-001  1.9422551e+000
  6.9587462e-001  2.3194689e+000
 -5.2580095e-001 -8.2866840e-001
 -3.2494088e-001 -9.5162880e-001
  9.2826187e-001  1.7939117e+000
 -7.1297318e-001 -6.5760174e-001
 -7.9293173e-001 -3.6899925e-001
  8.1729182e-001  2.3011788e+000
 -7.6962793e-001 -5.8683066e-001
  4.8873862e-001  2.0211244e+000
  4.4932939e-001  1.7894064e+000
 -7.5555872e-001 -5.4461983e-001
  9.6981175e-001  1.5176400e+000
 -5.8371139e-001 -9.0963561e-001
 -5.0051265e-001 -1.0250769e+000
 -2.7520743e-002 -1.4429050e-001
 -4.1451196e-001 -8.4246717e-001
  4.3299735e-001  1.8318039e+000
  1.4838399e-001  6.7077840e-001
  4.2205052e-001  1.6481617e+000
 -7.9837661e-001 -4.6183696e-001
 -3.7224791e-001 -8.9221778e-001
  8.5657495e-001  2.0348743e+000
  7.8586051e-001  2.2531562e+000
  1.9741072e-001  8.4568282e-001
 -6.7066012e-003 -9.0871343e-002
  6.5140348e-001  2.3580283e+000
  6.3156216e-001  2.2058683e+000
 -7.1759426e-001 -6.3861241e-001
  2.0932772e-001  7.7959081e-001
  5.8114278e-001  2.2075884e+000
  4.9717133e-001  1.9316809e+000
 -9.8035528e-001  2.3586537e-001
 -6.1319656e-001 -8.5355224e-001
 -2.3041432e-001 -6.8316753e-001
 -1.2248558e-001 -4.6005679e-001
  7.8459167e-001  2.3570044e+000
  8.6057132e-001  2.0945927e+000
  2.0472930e-001  7.4165316e-001
  4.5795160e-001  1.8389120e+000
  7.8872985e-001  2.2599904e+000
 -2.7632164e-001 -8.1725166e-001
 -5.9262174e-001 -9.6332934e-001
  6.0562161e-002  2.9020578e-001
  8.5440640e-001  2.0568202e+000
 -5.8010234e-001 -9.2646953e-001
  9.6403687e-001  1.6264255e+000
 -1.6727231e-001 -4.9941081e-001
 -4.6267311e-001 -1.0108875e+000
  4.6147853e-001  1.9367598e+000
  6.8220057e-002  3.2376817e-001
 -2.4977317e-001 -7.7130137e-001
 -2.3518800e-001 -7.6546041e-001
 -5.6568107e-001 -8.5092009e-001
  6.9029476e-001  2.3269736e+000
 -8.5652101e-001 -9.8927130e-002
 -2.7496121e-001 -7.4986829e-001
 -7.8082627e-001 -5.3867927e-001
  8.2716102e-001  2.2858164e+000
 -9.1898298e-001  8.9764890e-002
 -5.4414123e-001 -1.0032420e+000
 -2.9752456e-001 -8.8596149e-001
  7.8196522e-001  2.4041957e+000
 -3.2075394e-002 -1.8256975e-001
 -5.8117321e-001 -9.8064142e-001
 -3.6369357e-001 -8.9548707e-001
  7.9857147e-001  2.1741047e+000
 -9.8602601e-001  3.5294294e-001
 -6.5222792e-001 -7.8200653e-001
  5.3547775e-001  2.1705586e+000
 -6.4885838e-001 -7.5589627e-001
  1.4679584e-002 -4.2698613e-002
 -4.1239528e-001 -8.9837338e-001
  7.4650080e-001  2.2619770e+000
  6.4696861e-001  2.4092661e+000
  9.9764407e-001  1.3159162e+000
